489
765
735
212
159
247
536
736
169
514
73
391
179
639
118
96
943
578
843
17
344
733
884
889
563
143
172
478
647
203
915
783
483
823
500
809
569
339
399
335
394
175
948
710
223
538
895
521
905
70
437
495
819
851
811
921
707
501
90
606
138
927
866
607
135
390
209
853
595
234
55
113
678
445
695
396
692
3
25
721
254
680
496
854
760
385
581
20
932
418
592
799
12
738
401
869
78
174
235
412
303
821
922
636
992
685
792
242
707
653
957
127
256
681
677
936
338
424
517
595
452
135
914
551
425
485
224
84
644
890
170
997
223
777
352
917
886
320
257
61
504
899
791
547
807
100
390
4
774
436
288
987
247
403
871
581
57
907
8
636
770
976
673
870
616
479
150
934
656
459
177
627
635
827
101
765
774
695
454
502
568
371
904
652
318
846
120
597
624
8
169
865
490
825
152
101
892
254
806
336
901
574
337
873
582
482
268
480
197
946
926
366
952
734
988
249
251
959
946
73
419
919
371
606
190
248
515
856
11
692
423
474
439
875
279
463
347
238
502
234
479
778
746
251
778
11
158
229
686
625
903
8
99
426
289
415
155
652
576
841
16
368
457
141
206
162
432
539
344
795
678
945
477
647
47
957
295
765
528
750
240
644
918
632
802
621
381
508
638
724
208
919
114
43
373
327
25
947
558
446
392
57
738
156
827
457
829
881
788
672
34
445
203
649
321
1
806
230
907
565
509
480
109
389
749
727
972
227
72
248
532
9
535
857
871
367
793
644
879
963
833
933
751
421
774
960
149
566
92
171
437
523
120
408
686
37
960
487
43
448
803
270
987
839
383
795
806
827
23
362
646
138
47
634
225
641
160
513
936
361
29
780
396
309
3
482
141
205
188
739
983
701
883
650
19
42
700
658
237
372
195
754
386
750
824
182
536
958
810
413
444
326
736
937
981
909
302
853
63
235
372
494
565
737
490
466
440
117
279
684
324
606
547
364
556
666
537
461
37
372
576
435
322
222
179
484
85
350
149
920
154
215
722
171
868
982
735
309
515
418
10
321
518
250
926
731
317
23
809
158
753
623
96
988
75
260
634
576
324
679
398
761
350
183
342
259
198
867
374
575
194
272
458
925
591
971
559
444
252
34
45
843
556
457
309
118
193
158
72
314
281
687
85
891
395
833
467
653
717
960
564
776
951
549
694
456
911
508
979
457
20
688
396
212
263
723
590
777
434
438
427
153
588
327
701
634
984
410
565
564
975
901
283
102
422
853
765
972
219
898
175
610
173
168
785
914
427
936
690
74
93
427
835
807
390
333
236
189
359
50
724
958
637
395
507
339
998
959
349
253
613
111
29
908
405
138
828
522
895
306
968
87
384
507
172
332
796
828
998
276
711
552
56
227
814
387
503
172
880
366
10
446
255
277
669
76
946
336
473
761
977
213
635
324
197
902
735
267
162
409
378
427
989
680
388
781
796
719
718
487
298
35
621
954
471
807
172
628
23
325
668
327
436
812
621
652
771
851
245
355
74
845
178
805
385
758
282
154
976
145
422
282
734
45
217
163
84
635
643
14
559
6
138
63
69
344
992
463
744
810
417
580
913
24
539
446
811
240
432
165
509
967
477
160
887
870
368
630
686
826
872
969
578
230
764
468
831
507
610
716
613
246
236
691
946
45
301
117
544
707
411
91
100
326
608
736
356
952
590
513
867
207
200
42
606
576
587
685
772
920
794
9
945
17
316
412
710
661
78
377
9
777
101
989
144
227
399
391
533
666
961
998
469
508
766
687
470
577
437
138
448
977
634
357
143
367
409
659
316
572
693
537
959
585
756
348
615
294
215
272
399
67
708
845
904
152
114
89
664
197
419
237
342
305
117
368
273
678
646
103
333
39
186
801
625
949
63
39
906
352
236
860
892
653
273
666
30
792
615
846
12
174
497
234
419
904
813
971
324
576
589
838
904
672
789
85
251
887
961
19
495
65
663
811
322
664
312
542
710
277
81
428
698
174
171
438
776
354
584
756
530
898
190
881
786
907
498
182
210
908
984
384
728
914
968
463
481
107
764
874
212
949
903
37
824
842
662
242
964
34
480
409
434
89
258
934
258
848
900
990
141
838
934
838
875
236
746
795
826
23
539
797
863
221
407
664
415
800
400
922
697
837
768
154
181
518
911
736
191
707
456
453
608
987
336
150
252
638
175
386
77
221
500
241
169
744
405
754
317
680
544
737
186
595
33
480
338
605
236
694
211
668
533
833
206
852
479
218
450
635