107
109
115
123
132
136
138
140
146
148
152
157
163
167
168
172
174
179
186
194
202
204
210
214
218
227
230
240
250
258
264
267
272
274
279
282
284
290
300
304
306
310
313
323
328
337
339
347
353
362
371
380
390
395
404
409
416
420
427
436
444
450
459
460
464
473
477
485
490
499
502
511
512
515
525
532
538
547
548
556
566
568
573
579
581
585
589
595
597
605
612
617
621
630
638
641
645
648
654
662
667
670
676
683
690
698
708
717
722
729
732
734
735
740
750
754
755
761
769
775
783
792
798
804
814
818
820
829
830
834
843
849
853
857
858
861
862
866
869
875
877
881
891
895
898
899
905
913
922
924
934
936
937
947
954
958
960
966
975
983
984
993
994
1003
1005
1012
1016
1026
1028
1034
1037
1041
1051
1055
1056
1065
1067
1073
1076
1085
1093
1101
1109
1113
1118
1125
1134
1140
1150
1154
1159
1168
1171
1181
1184
1185
1191
1198
1200
1207
1216
1222
1228
1238
1243
1251
1260
1266
1271
1277
1285
1293
1295
1304
1308
1318
1327
1331
1334
1343
1351
1359
1366
1373
1378
1383
1384
1393
1396
1402
1408
1409
1416
1426
1431
1437
1447
1456
1459
1465
1473
1474
1482
1486
1491
1498
1499
1507
1517
1522
1531
1540
1541
1548
1554
1557
1562
1571
1580
1584
1586
1590
1596
1597
1606
1611
1614
1621
1631
1633
1637
1644
1653
1654
1662
1664
1668
1676
1679
1683
1689
1696
1703
1711
1717
1727
1736
1737
1743
1749
1751
1759
1764
1770
1773
1774
1777
1778
1786
1793
1797
1803
1804
1808
1816
1818
1823
1831
1841
1848
1855
1865
1873
1881
1890
1896
1904
1909
1911
1920
1929
1932
1935
1943
1945
1952
1961
1962
1969
1973
1982
1988
1992
1996
1997
2000
2001
2009
2015
2021
2023
2030
2031
2039
2046
2054
2057
2061
2071
2072
2079
2083
2088
2095
2101
2109
2111
2112
2118
2119
2123
2130
2138
2145
2146
2150
2160
2161
2170
2179
2183
2193
2199
2208
2217
2220
2230
2240
2246
2255
2264
2271
2275
2277
2278
2281
2288
2289
2298
2302
2312
2315
2322
2325
2333
2342
2343
2346
2353
2358
2362
2370
2379
2382
2391
2393
2394
2403
2410
2418
2419
2427
2434
2442
2450
2452
2455
2463
2468
2470
2479
2482
2490
2492
2502
2508
2518
2526
2531
2538
2540
2542
2549
2555
2563
2573
2583
2585
2590
2592
2596
2598
2605
2615
2617
2625
2633
2643
2646
2648
2658
2659
2666
2672
2680
2686
2693
2699
2705
2712
2717
2725
2728
2738
2745
2752
2753
2762
2766
2775
2776
2785
2792
2798
2806
2812
2818
2828
2830
2831
2837
2844
2848
2849
2853
2859
2865
2869
2876
2877
2882
2884
2889
2896
2904
2913
2919
2924
2929
2938
2945
2951
2956
2961
2965
2975
2981
2990
2991
2992
2995
2997
2999
3004
3009
3016
3022
3028
3033
3035
3038
3043
3048
3050
3055
3061
3069
3071
3079
3086
3089
3091
3098
3105
3111
3116
3118
3122
3128
3136
3137
3147
3152
3157
3160
3167
3174
3180
3188
3193
3199
3201
3211
3212
3217
3227
3236
3246
3254
3256
3266
3275
3279
3289
3297
3298
3306
3314
3315
3325
3326
3328
3329
3339
3341
3349
3357
3361
3364
3365
3366
3367
3373
3381
3388
3395
3400
3409
3415
3419
3423
3430
3440
3450
3458
3464
3472
3479
3484
3494
3495
3505
3508
3518
3521
3522
3531
3534
3541
3547
3553
3555
3559
3569
3577
3587
3595
3599
3604
3605
3608
3609
3611
3613
3622
3628
3631
3634
3636
3639
3644
3654
3658
3662
3672
3673
3679
3689
3693
3699
3703
3710
3717
3724
3733
3735
3740
3743
3745
3749
3759
3769
3775
3779
3780
3782
3785
3791
3801
3802
3805
3809
3812
3816
3826
3829
3838
3842
3848
3850
3860
3869
3873
3880
3889
3898
3899
3909
3912
3922
3923
3933
3934
3937
3939
3941
3951
3953
3963
3969
3970
3972
3980
3981
3985
3992
3995
4003
4013
4017
4023
4031
4033
4043
4046
4053
4060
4066
4070
4071
4072
4082
4083
4087
4093
4098
4108
4113
4119
4128
4137
4143
4148
4151
4158
4160
4164
4174
4184
4186
4193
4199
4208
4210
4215
4225
4229
4230
4236
4237
4245
4255
4260
4262
4263
4272
4282
4290
4293
4294
4303
4306
4313
4320
4321
4326
4331
4336
4341
4349
4357
4363
4366
4370
4373
4374
4376
4384
4385
4388
4393
4400
4408
4417
4427
4434
4436
4441
4448
4449
4452
4456
4465
4470
4476
4482
4491
4500
4501
4511
4514
4515
4525
4534
4541
4548
4555
4558
4559
4565
4569
4578
4588
4592
4596
4605
4606
4611
4621
4622
4631
4641
4646
4650
4659
4664
4666
4673
4680
4684
4685
4692
4698
4705
4714
4719
4723
4726
4731
4741
4746
4752
4761
4770
4773
4780
4782
4784
4791
4792
4798
4800
4807
4810
4820
4830
4831
4837
4846
4854
4855
4862
4871
4876
4882
4888
4894
4898
4903
4908
4911
4917
4927
4933
4934
4936
4945
4948
4958
4966
4972
4978
4985
4993
5000
5005
5007
5017
5024
5029
5035
5036
5040
5042
5048
5054
5057
5064
5066
5071
5081
5084
5087
5088
5096
5103
5112
5117
5124
5133
5141
5150
5152
5161
5165
5167
5169
5175
5178
5183
5185
5190
5192
5199
5209
5216
5222
5230
5238
5241
5245
5251
5259
5265
5273
5277
5280
5287
5289
5290
5296
5303
5310
5318
5327
5330
5338
5343
5346
5350
5352
5360
5361
5367
5374
5378
5382
5384
5390
5392
5399
5409
5417
5420
5425
5431
5437
5444
5450
5452
5462
5464
5471
5478
5486
5487
5497
5505
5507
5512
5520
5524
5528
5535
5542
5547
5550
5559
5563
5570
5576
5579
5581
5588
5590
5592
5597
5606
5616
5626
5628
5633
5639
5643
5645
5655
5656
5662
5672
5677