2091
3145
864
4773
4583
7023
6126
76
5739
1098
6444
862
6612
5472
7787
4266
2134
627
8578
1018
6513
3137
3607
9003
755
5382
7239
7166
9829
2730
2246
2796
3937
2913
9388
2812
8998
772
3770
6333
1105
9740
6211
6288
123
4037
4417
8398
4454
9883
8820
6019
9558
5531
1346
8686
4738
9236
6326
6415
3895
5543
3212
9901
1697
1105
4173
9447
7256
9994
9421
3956
2805
3496
9946
7875
6973
4100
35
4510
1568
2103
3080
6968
7788
2358
6131
1081
1972
7635
4675
8391
2786
1015
4634
6588
2449
5353
4696
9297
2242
6487
4215
5713
6120
9275
9221
2936
5380
1230
2152
753
7323
7079
1402
9059
7083
1676
609
3840
7148
5337
8952
1935
6808
9265
6101
1277
6075
6754
9505
7918
8498
7138
2521
2386
4235
1477
9235
3469
4473
9006
4425
2289
7425
7946
4860
9140
6886
8336
2528
5333
754
8721
1165
7309
376
5854
2277
7771
2631
8248
4318
9591
7427
121
4521
7201
7244
5285
8286
7468
1497
6451
4141
2731
8534
9295
3193
7260
5714
7293
8860
9681
2800
4537
4536
8609
7650
3694
9353
5832
1201
9287
171
6730
9807
8843
9901
1252
8828
5698
6611
631
1835
6578
8316
5186
7455
990
1072
8954
1079
1656
9144
7245
755
3371
2200
1935
4675
3129
2231
9981
6110
9141
7212
5321
1016
772
4000
3171
1449
1972
2097
7112
2905
4339
5876
1505
4167
3656
8667
9939
4399
628
5242
5300
8513
324
6327
9706
8216
7851
8720
6244
3150
9538
3878
3835
2787
9942
8824
8684
5212
6678
7770
8938
5774
401
2461
6669
7073
7311
9563
7817
2903
6998
3146
6393
6284
642
2069
5857
4430
7677
4084
7482
2428
7758
5361
7048
9463
728
2701
5323
5801
1700
5439
6585
2721
3941
3104
3222
3862
7049
9733
9367
157
8745
3164
8477
6390
4951
7820
3745
6343
2652
8290
9889
9696
1551
7913
8993
3518
922
3132
8490
9315
539
1336
8718
2117
8254
2570
306
4452
1142
1018
3399
9891
479
6527
4343
8814
5943
1842
808
7667
7310
7253
7707
1096
1851
807
5884
4251
6568
2164
1907
8965
4642
7555
8852
9489
6346
9700
8256
2071
9361
8575
6297
8344
4592
9507
1421
784
3760
4848
9654
4480
9275
1944
9950
8337
195
1576
2332
456
1059
9027
3410
7263
1286
6050
9159
9887
65
3959
7702
6043
8908
1809
7247
1588
361
4835
9990
5181
1382
7480
3325
3255
5376
5581
9766
6946
9996
7175
8344
6938
1692
1013
294
9830
9594
226
5927
6987
7158
8122
5937
2881
9165
5621
1222
9126
6531
6112
4384
5663
356
3860
8955
9580
1201
7499
8639
1212
688
1309
5900
561
1753
3320
2867
3682
7709
3062
1404
9636
4767
1885
8308
228
3505
6570
4565
188
7933
9163
8591
714
3905
1425
3470
6910
8424
5513
8284
6127
2995
589
2159
8423
69
8132
3484
4550
1916
6316
150
532
504
314
3347
6593
897
8783
8831
1808
7497
9133
917
6745
2805
4532
3278
2921
8294
9056
4869
8244
5246
8945
2646
3246
5355
4589
178
6702
4413
8148
9009
6598
3282
2670
2027
4122
9937
141
2665
4543
9764
4837
3707
3031
5443
3896
9500
3008
9099
7168
9646
7738
4192
5573
6537
6093
6944
8739
8839
3625
8203
8596
1735
2661
1741
6285
9807
8947
6315
2082
2590
4733
530
8231
9531
8185
9568
6336
2098
3734
2154
9183
3015
820
1978
8783
5918
776
9369
3926
7334
9191
4875
158
5646
4339
920
5768
1618
8860
5609
4992
6621
8696
4990
2672
2141
3400
406
9526
1574
7447
3994
9026
2495
9173
7745
7499
7391
3259
7133
870
3974
4439
6492
383
3782
3841
2313
9892
2748
7
7220
8811
3903
4817
5810
3184
2221
6457
481
9819
3578
6907
1666
1623
3033
7085
6960
9479
1457
3962
8020
7485
513
4719
4718
811
4812
3034
2943
4586
2212
4751
3495
2752
896
8747
6446
8772
8847
2734
2521
1377
1812
6269
7830
2082
3243
1224
4412
5035
5653
5800
6532
8313
1505
3248
5709
81
1525
7114
1647
2072
6708
5258
9047
5174
585
2993
1708
493
3717
5304
3893
7223
9233
9192
1050
1711
7570
351
4390
7440
3104
3025
5039
2266
5162
9278
8871
34
6135
2120
415
3445
8403
6988
5813
1576
1659
4968
8281
6784
9729
6473
4079
8081
9162
7169
2070
2260
8267
9088
2338
6376
6057
1472
7965
733
9388
273
1379
2750
5626
7135
2263
1857
9221
7417
9632
4438
7425
5129
4605
6123
8855
4687
3578
2443
9282
5461
8079
5407
8355
6030
8256
6225
1358
8399
750
3624
5253
757
8909
8450
5204
5076
3582
6964
5182
8871
1549
4981
2281
7714
5662
9765
119
9145
5857
9071
5245
3258
825
9442
4067
2650
6876
9936
7435
9393
2455
5716
5650
4727
5235
6912
2193
7327
9589
6423
2539
259
8707
5725
528
9071
2441
9535
3873
402
3665
5218
8329
2043
5778
7777
2382
2772
2013
6347
9162
8794
9465
9812
3304
5611
9015
5099
4459
9930
3359
8044
807
5371
750
1808
4711
96
3472
9178
3249
6459
4798
1001
2987
2961
1517
3882
3132
8329
7587
7182
336
993
7281
8941
5681
2218
3844
5908
7276
4420
5253
2045
4434
6705
3067
7883
6793
8796
1881
1762
1751
657
8323
8311
4616
2586
3171
5096
8090
8414
7706
6344
1855
9091
7327
5199
9121
4377
3391
6376
5625
2636
9287
2139
5842
6163
9872
4676
8240
3315
4694
1129
2191
1359
8109
1203
2655
5046
6116
7737
3260
4486
5385
6286
5743
173
3345
6343
1059
3887
2580
3609
5304
7951
2157
1444
676
4162
8116
4694
1450
9522
5751
7944
3032
7748
1848
6424
6737
162
2285
3010
6288
290
8134
3627
9107
9825
6556
4451
1931
2097
4656
4511
4905
4709
569
4488
9970
7270
9480
638
9478
1099
9378
9709
9784
7023
7387
5804
2208
5303
373
6946
7641
6412
205
4812
3206
4895
1783
7434
2123
8680
9963
2340
3190
8480
4307
3
4509
1009
2649
9253
9896
5316
9182
9154
8214
8490
3357
593
3295
360
6900
6266
4788
4243
8486
8456
7778
7170
4634
6044
3137
1175
7949
8342
767
8200
7149
4438
132
7426
5818
6597
2288
8991
8247
5027
5637
3839
1042
358
9132
5741
3006
8329
6973
9233
5532
8794
5943
1010
3434
8711
4218
2870
2058
964
4928
5267
9734
1210
9088
9997
107
6270
6810
3710
7994
8994
5879
8973
3697
6385
9018
6429
541
3642
540
6330
8396
4389
9634
918
7225
5655
4562
1648
8531
356
4030
4350
1107
8730
2410
6132
6571
6997
9127
9489
2346
6473
4708
1084
1291
2653
4650
9919
631
3272
8170
701
8432
602
983
8726
9014
5083
1623
2307
8875
1515
9462
5423
9362
3194
252
6883
9513
9909
5325
6513
4016
6496
7012
6864
3635
7344
1712
6022
2768
9192
7062
4014
6714
4438
1558
8021
6301
9219
8203
7677
4325
3796
2630
8556
5929
6060
5593
8849
1763
680
7278
179
39
3539
510
4921
9410
4530
6118
5634
6723
5830
4376
409
1115
2114
8640
1679
1398
6454
2479
619
5949
3071
9278
730
6839
2842
7699
9177
4814
3120
621
6699
6500
1452
9139
2941
2442
5947
2366
8054
2303
6938
9259
8728
4679
711
5845
4600
277
7520
112
6722
9163
2509
6110
7200
574
8870
8127
6841
5980
7680
1239
2523
9935
2722
5022
2600
9618
4534
4685
3674
5993
454
5739
8028
4647
87
4819
9495
895
1087
1269
7311
509
5029
6817
9650
836
9063
4035
6626
9235
6356
184
5315
4408
4263
2200
3721
1833
8177
3765
4281
8126
7028
3705
8260
9467
6378
7372
8838
4768
1104
5972
1641
9256
3727
7414
999
7370
4825
9890
5995
1010
5056
473
2268
1649
8311
2180
5256
5767
709
5109
209
7311
9095
774
9071
8880
9823
9038
3861
4619
8340
9365
6916
7033
5310
811
7360
1875
941
3970
1831
1108
9835
7368
4547
1239
1833
7941
9535
6913
5613
9428
2120
6295
6687
6524
7030
5999
7781
3522
6219
9306
4621
9710
8793
7588
3059
7564
2218
6119
624
6589
2614
3307
4290
7226
8909
1731
9508
9970
4753
257
4842
9544
192
9106
4197
3022
4797
9668
176
3295
2277
4443
1080
4200
2617
8607
8675
7651
4897
5219
4945
2083
946
1111
8929
6204
8404
6535
713
1057
3745
9688
1702
8163
7956
6000
1195
8893
3011
6275
3110
1728
6302
1172
1914
880
8786
7488
6345
8608
6932
3999
4563
8580
4039
2353
1888
9580
5606
6159
8974
5287
9976
3144
7405
4944
1634
5890
9268
6867
2463
1165
2047
2546
4371
345
4846
2670
9652
7393
4980
5351
8324
1929
4915
8107
2816
5348
8452
8253
507
2392
5266
1174
7591
62
6894
2391
9467
2320
5354
354
3836
7599
6604
983
5382
7170
1077
7147
4943
1984
9431
1438
4151
2911
3161
2854
3252
5971
7095
9373
8035
5950
1561
40
1326
7506
5055
3697
8980
5047
1020
4218
6224
7733
7953
105
114
3057
6657
903
2684
7738
5751
863
3618
5888
9542
481
7020
409
6968
3920
4973
8557
9017
6192
9753
7160
2
9654
2022
450
7446
8305
4413
2315
4056
622
3690
9202
6922
6916
7895
1858
8228
19
3419
3172
6468
2414
3714
3277
2942
7165
1945
4464
7388
1922
7916
3835
6003
5424
9183
554
7251
9297
1897
970
1400
9009
6264
4801
3244
2295
3011
5107
3235
7835
3013
2289
7125
3093
1555
5782
6600
1209
6530
6229
2579
1189
4634
4887
4845
1478
9010
9392
4872
2839
6721
7111
1248
9971
5034
3347
2907
1437
725
7330
4780
9919
2408
2834
5772
8169
6553
7785
1569
3222
8992
6480
3519
9225
7293
2397
9767
6655
743
487
3671
176
9430
8267
1233
1888
9519
7412
1360
2876
2803
610
9272
6252
6063
9905
8346
4708
4341
7773
7734
8249
1134
1182
5180
3854
8163
933
8395
9517
1021
3364
7930
7403
2178
1378
3669
8377
8746
1136
4402
9071
8417
565
4202
6177
7292
6419
9857
2222
9010
4183
7780
9998
7582
2041
4637
925
8218
7989
8921
5421
4146
7008
5473
7222
1513
7115
3792
768
4814
5575
6902
3634
2169
269
4131
4915
2898
5092
2234
6216
9101
2857
9667
4071
2405
8219
3888
2002
3555
5831
6413
4345
1039
9791
2534
4023
5019
6003
9230
4028
3662
3772
6260
2803
8499
6318
430
3795
5989
391
1572
5257
496
2913
2006
7422
3924
5
6971
6046
3110
1969
1820
3920
4199
2643
4306
6288
8995
5020
4808
3842
7919
8205
9357
6370
3244
4290
497
981
7518
9010
5061
4371
6085
6519
2961
7355
6024
4210
4822
21
7883
845
290
4116
6478
562
8178
3753
191
4181
2232
7811
3278
3759
9308
3190
6487
4516
3669
6835
719
8966
7263
6743
3205
7135
5791
7738
9247
9121
714
9883
3222
2375
1578
4365
126
1258
6974
9047
7364
4065
8068
5566
8823
8390
2296
9055
4260
9357
8192
8091
4936
9540
8551
4504
9845
7462
7654
5484
9225
5660
4620
9473
4508
3474
5611
3620
2257
7132
7256
9958
4128
5112
6227
7463
1097
8847
7957
8634
3372
3012
2161
4249
1018
4221
5525
7823
773
185
1971
9736
3828
8883
5178
958
4024
9363
8553
8125
7004
2268
5327
7493
1203
9060
2707
4942
1743
416
3109
4089
955
6412
3017
5232
2341
9915
3177
9404
2079
6265
2887
3418
6293
7771
438
3142
2091
2750
1654
6698
4421
2130
7347
4746
9238
8237
1026
8545
3420
4564
8222
7258
47
7892
3255
4636
2393
9670
6903
3751
6996
3134
5753
9189
4188
5873
6958
2418
493
4518
5008
271
3708
6146
1326
3564
3785
5869
2388
4676
2401
2709
4777
3593
705
270
9741
787
8950
9018
6416
356
9239
3250
3586
3881
228
316
1845
1508
2329
7013
4629
1833
7882
3169
352
3805
8596
8024
812
3289
7898
5498
8692
7512
3142
9979
3881
277
5788
7164
2321
9706
2120
5619
9008
2297
4583
3576
8154
3619
6337
2345
4744
1859
8488
4498
3989
3692
7852
8059
6067
6759
3998
2096
9185
6210
2025
7445
7891
5840
4095
1556
6399
8138
5640
6697
5020
3497
2274
1223
6794
7752
4968
99
2792
9727
5079
8384
3688
2498
2961
3044
8292
9737
6859
5023
6096
3798
6534
3583
5800
507
9715
6123
5635
4892
8666
4459
3338
3608
8003
9989
3714
7636
1851
1315
5348
320
8378
5713
5093
4956
183
8250
4453
9129
157
971
4368
5149
1452
3024
9916
6187
8683
9126
9079
3480
8724
552
8999
7780
443
5046
6692
54
2540
5980
1541
3247
9822
3454
2617
8844
1147
5842
5027
3310
6968
9725
3500
5135
3433
9102
5131
6815
2198
6391
2585
732
9571
9112
6857
7500
5628
2618
4094
8101
7779
913
6386
2756
4363
1494
8068
8302
1087
7860
9930
8068
5415
1125
3052
9914
9965
7729
9328
2733
6306
6244
5996
6370
1734
8105
201
4312
7349
8796
2052
3679
5219
2539
140
5705
9936
6110
158
6256
6624
6210
913
7030
1916
9269
221
9632
9449
2235
3221
8423
8076
3736
2147
5841
1610
7183
3210
6252
224
4126
4089
8032
7680
9402
9503
7188
322
6951
7115
3035
3009
2257
256
953
7767
5880
3529
1954
7552
8924
2454
661
1165
1362
6639
5764
5712
4275
1230
2859
6673
897
6919
9171
9254
2509
2007
7262
6827
5736
4070
5363
9329
7171
7201
4622
1512
4533
5465
6017
8488
4983
1375
627
2935
4517
4448
8100
4608
7582
8531
130
5004
7460
708
8850
7494
2123
4994
4887
2714
9648
6606
1783
4051
1723
6016
4246
4639
3793
6785
1459
2377
1795
8154
895
8190
9221
2940
644
5164
579
2502
7324
2908
7005
638
852
4326
2683
6738
6589
7038
4200
9501
2347
2331
7322
5969
4075
1640
2207
3826
2491
9494
7673
5266
4911
136
378
9625
9137
4909
8464
7456
4237
2076
3336
6487
4988
8085
913
910
1480
6801
6117
2182
5236
6147
6614
1552
3722
5670
4039
5981
973
7886
98
2832
4375
1045
6545
2445
2378
4408
3687
215
4407
5142
9618
6356
934
9372
666
7547
3061
8433
8326
5694
5551
4299
1474
1613
9441
4973
2179
6062
881
1433
1147
9201
6224
9142
3746
5106
479
8636
6945
8680
2390
5369
5208
8135
4354
4477
4115
6489
1278
5601
9982
3268
2613
3739
7620
8825
5483
8926
8791
1292
3684
9360
4422
3677
1378
9022
8233
5056
8764
4198
4604
8918
9872
7429
9267
2176
6246
9718
4452
8030
1490
8305
7895
9510
2296
128
9983
6669
136
4705
5738
8421
2141
3400
8751
2160
9144
1435
5726
1882
3942
3759
1303
2390
3460
3175
2861
7817
2624
3185
8816
8862
3291
8398
3532
8103
2603
7377
9849
6748
8419
8207
5567
6852
1430
9988
9101
807
1372
8096
4508
5523
1928
9923
2560
2067
8482
9612
9201
5038
3905
8342
8187
7877
9414
5216
3241
388
7607
1728
4953
23
2514
416
1872
959
9596
3327
2557
5315
6137
4979
668
9421
4598
9957
3962
7795
7634
877
340
6964
1567
558
2425
546
6500
1712
5848
3229
619
7185
2332
805
7469
4461
6513
8501
8288
9461
8535
8595
7757
6322
6998
8702
9700
7904
1787
390
4941
8152
7982
1045
1229
8604
794
5242
5785
7192
9128
2284
9805
905
9924
9984
7804
5863
4370
3018
617
363
9568
5286
2593
6709
2798
4653
6782
9045
8948
339
7527
4019
6462
3272
7452
2423
4655
2004
5086
799
1737
8076
1654
7032
6395
8009
5696
1564
7599
8533
7716
2883
4178
5423
1729
5313
3989
4343
1671
3071
5670
7612
7838
3050
1617
8730
7001
2025
5718
5890
7074
4030
3694
7576
5835
5359
3382
4517
7042
3214
915
6950
733
6753
3282
6890
4241
9343
1568
7829
9790
2930
6266
5965
5786
849
3320
7356
4223
3934
4212
4807
1651
1135
4384
2532
6597
3160
2679
3814
7969
2882
6106
1523
9568
9540
3600
1786
8096
9387
3052
62
2143
7044
6473
5924
6750
9632
4898
2550
4638
2081
9435
2265
9819
835
7455
48
4883
9857
1838
3042
8160
5486
7470
3591
2738
3881
7590
5141
5594
7611
7527
3702
9333
9055
4524
4248
1609
8573
621
8836
5028
366
3378
1169
4932
9512
412
6898
5634
129
4976
7989
3443
4712
5790
2661
6677
5764
4082
5088
8808
7239
5490
381
9352
9461
6316
647
2827
3905
443
4601
6473
1633
4688
5714
7077
7311
5933
5566
1190
4619
5510
7073
8026
4920
4827
5850
2839
5751
8186
7351
8562
2152
584
3946
6713
7559
7165
891
8380
4325
5775
610
1830
4047
8272
5666
7098
2016
9440
4375
223
4780
2429
3329
1472
8222
6397
4120
1242
8174
6987
5230
6028
5430
7389
3711
2066
6378
7644
6086
7944
6011
664
6377
2354
5755
8831
3446
8776
2549
4635
8309
802
1136
4773
9598
8476
9723
6579
2822
3617
6402
1884
8353
3281
2295
1269
847
1453
7084
3060
4101
8986
8527
9590
5429
9417
55
666
5028
945
9763
326
5308
6647
8724
2417
586
4538
3033
229
4326
5661
9101
6063
7373
6149
6029
6083
6857
5770
2509
3758
4034
7284
6280
3408
4757
3572
9022
6205
8409
6477
1724
7996
4181
8275
2376
6230
7196
6796
4495
4382
4444
7766
5358
3932
9923
6876
8131
6542
3445
2914
8097
2086
8586
4394
6561
4744
7634
6008
2881
8914
7862
3112
9472
6952
1293
3703
9579
8232
7310
9074
5744
1909
9811
7116
4274
6299
8285
5765
1885
4368
7860
6101
2956
3526
9010
1323
6919
6477
6315
6180
2
5370
9750
7027
3277
9064
2846
3109
88
2336
3822
5239
9592
9832
1481
9146
2375
1787
7764
568
3315
2332
3850
4423
2478
6379
6821
8296
1115
320
7822
1593
658
1808
8433
6285
4787
5048
1948
2629
4109
7265
8549
9434
3134
6009
8288
3359
1965
822
9202
5996
25
3598
7868
206
8547
415
4159
6711
7615
3100
5507
7025
7168
3653
7028
7617
5673
7925
8954
3445
5263
8211
6365
3034
4003
2253
3352
7912
3981
1603
2042
2028
5702
1712
8777
9869
2044
3376
5109
3666
4038
2936
925
8316
70
3044
7156
2950
2876
4844
6770
7186
8357
6341
4062
8425
8128
8037
2338
8837
3675
2863
2519
8176
6891
1417
2558
1268
1121
94
906
5056
9362
7372
947
13
5814
7835
5077
9488
3308
5947
6474
8175
9930
5221
3018
5879
5561
6960
9546
64
8535
5561
9067
4512
7935
9281
3402
200
1569
751
7886
3728
1868
1384
5621
6842
1701
4862
6335
5616
6030
2336
2316
1914
7904
8504
8536
954
4456
5711
2412
9092
2829
6232
3287
9805
1651
5520
1123
6027
4207
1936
8859
4979
7538
2038
1262
9448
3707
2887
1776
2537
8420
7035
8315
8788
5473
1190
9926
6760
2165
6390
9814
9745
7999
941
3614
842
43
2260
4261
9582
1260
3113
6267
7834
6518
8825
1953
2342
1329
5768
2141
2624
5159
7105
6280
9161
7845
7165
8662
9728
6313
6396
351
9996
4530
54
342
5082
582
6948
8630
4158
2464
3721
7625
3724
5063
6155
8280
2906
5516
7678
7581
2291
1559
5170
9653
8832
6959
920
6260
6541
8826
5470
4600
6335
7895
6882
2016
7837
937
7697
9928
3531
7593
1472
6664
3393
571
1520
8828
1709
36
6184
3444
9690
6628
7224
5109
9745
7408
9762
8131
9764
1653
6375
1824
2300
1298
1999
9498
6543
6069
3242
1063
2255
5244
9576
6103
3726
691
4369
6193
7996
3765
8162
5351
2180
4654
8479
2538
8176
1359
8267
6403
3151
8467
338
8718
9526
7584
3402
9701
7929
7978
977
7522
8941
4875
4816
3744
8817
6048
6182
631
7265
1671
8920
3658
9185
4328
6355
172
4562
6564
5968
1658
5633
3333
2677
5672
5801
2827
2563
6850
2955
5568
7824
594
9314
3601
2551
2998
9633
9967
9617
7538
6046
6846
6679
4919
397
6432
7231
318
9693
3441
9353
8888
8021
731
3757
1470
2033
9308
3424
2174
6910
8792
9917
7481
5372
124
1526
6507
3431
1386
7901
1196
5412
9988
6027
4897
1114
7827
6026
7397
3455
2827
2029
7426
23
6430
4015
189
8407
4079
576
5817
9060
8234
1437
4294
7384
4814
8218
3994
8720
9193
9037
1975
3523
7083
9083
3018
3197
4423
3352
6579
4283
4220
3005
8707
1969
7632
1195
4019
7848
6741
7598
4140
1344
2412
8250
6885
1178
2849
1044
1745
7113
6553
9928
5736
5458
6475
9993
3336
5783
5489
1431
5056
2265
7312
1903
588
8386
3742
9911
5649
4222
1787
8500
688
2039
2999
5463
1698
4054
8949
5325
3635
3033
3815
3582
3585
1227
9630
5747
6501
7442
8723
2392
2507
5405
803
6114
6909
6972
936
79
7174
6553
3013
6208
1458
7725
1167
2781
1935
7005
8275
8529
241
7281
3924
3901
1674
11
8068
4075
4975
4738
8059
5982
1871
8330
4648
9079
2466
4815
1241
702
4517
1288
4728
4502
3212
4838
1927
6455
8130
3189
200
1527
8385
5560
8383
3494
7676
1669
9790
6812
1624
6782
1799
9151
2722
4832
9100
6572
5975
372
5289
5937
2958
2289
5542
2139
3356
1254
7529
2748
5031
1744
8261
6843
1513
8922
8097
4230
969
1666
3797
1946
9108
2398
8671
4674
4416
7296
4674
1795
4664
2270
7106
899
6457
3277
8576
1972
5129
9440
2291
1918
2647
2424
4972
4764
5941
6454
956
3546
6472
8187
9760
9791
6345
2910
584
7806
5667
1125
5911
7095
3484
2412
4207
9712
6851
9099
9881
2219
3742
5041
8406
2453
7743
6696
8561
6295
7836
115
3686
926
4084
2386
3693
7471
4669
1336
4815
6240
8484
5586
819
474
1014
958
4519
1867
8316
9592
7378
2968
2780
2127
3649
2692
3049
6255
2754
3274
9833
47
6857
5121
7680
2045
287
9327
9462
6359
6056
5845
6372
3698
8448
691
4326
2475
2505
8250
4950
7327
6480
7921
3543
4652
9488
6388
6168
1467
5564
2900
9246
1570
212
5601
9730
359
2707
9331
1283
9180
291
9148
8408
5102
6721
4132
3037
2520
8919
7012
7161
980
7902
5417
8093
6420
6809
8091
7355
8150
1337
9389
8420
5723
5108
6084
2971
4447
6829
1886
6174
9955
6885
5763
74
8412
8832
6374
8185
9843
234
5045
1692
4609
9002
2508
9641
9672
1405
1243
3134
5997
4366
1241
9221
2789
1134
3551
2151
2570
1531
5711
568
612
6526
1500
4177
8439
4945
3132
4048
5898
8922
109
620
9968
3112
5455
6323
8924
4366
4900
945
7718
1336
3355
6185
6824
8798
420
2821
9711
9910
8667
4001
6469
7286
5648
2301
4077
7708
3
2829
1472
581
3626
9791
3333
1490
9004
2028
8365
16
7985
2019
7348
7739
5850
972
4738
5058
7976
8280
9861
8782
948
1121
2885
1597
5746
9188
7710
5614
7097
2341
2006
1114
2350
5088
1996
6634
1585
8917
8597
9143
7219
4347
1898
3631
925
7581
6637
8126
3671
8319
928
7309
8727
2079
743
6069
5931
3930
1420
2918
5090
517
9568
5730
6744
989
2629
337
9917
661
3757
8756
8460
6037
5052
5031
994
4988
2204
5136
132
3126
9713
7139
4778
4636
1319
9765
7362
4517
3104
8146
7818
9805
2460
5221
3821
4916
493
8964
5324
8005
6408
1986
8184
4906
7978
4424
8420
3030
9591
5031
8534
3000
4083
1143
5072
1839
4769
2945
8373
7121
5364
1118
5261
5205
6876
3979
7708
4614
8250
9012
7204
7084
4750
3587
6637
3873
2242
6740
8252
7984
5669
2859
6745
7085
1814
3971
5615
3867
8506
1467
9963
5862
4506
2248
4160
7804
4288
6315
6608
9033
6613
6642
7187
5121
7446
6978
9925
3769
3927
1162
6969
2524
4367
4408
6836
5697
2579
6507
4351
2927
1369
8768
2722
3775
2440
5286
8549
964
3100
472
6906
7143
3050
560
9375
342
9900
2395
7489
7617
1638
4162
8861
9472
2285
5748
1298
9799
878
6871
3342
836
6523
8090
9570
8628
8627
1087
3867
3325
915
8123
4104
7705
8430
2026
4768
5989
6536
388
4153
5883
8988
9307
9927
5116
594
3387
8305
1783
1659
4029
2686
6297
4821
8835
1685
7972
5118
5371
2323
7739
6171
73
3159
134
817
8690
2410
1181
3762
1272
8342
8652
8450
6637
1289
4108
8231
2270
3069
8693
6006
2578
4142
7946
5267
6418
6989
2172
9007
7020
1500
1228
4720
9330
9355
1112
341
4222
6808
5471
5754
8824
6143
7890
211
2293
6147
8336
2483
1217
8302
4894
9265
4896
4868
1107
4329
3633
3375
8349
8237
3301
5318
8916
4624
7613
9072
495
6523
8230
4342
3745
6956
3044
9657
3144
9563
6652
9530
2710
4091
2544
9174
3020
6366
5047
3368
6817
2217
146
1601
543
786
2598
1828
2331
9403
4303
4007
4879
5270
6540
3090
5532
1830
6506
6021
8634
1064
5425
4036
3106
5181
9531
7732
4046
3570
3331
3662
7718
8385
9199
6533
1819
9375
8476
6688
5297
3655
4303
9615
5548
3476
5190
4792
7863
9284
4421
5415
7738
6332
783
6606
7800
7707
1360
5117
881
669
9266
3549
5184
2784
1561
4812
1056
9742
7842
7754
9003
885
2580
1686
9062
5509
4594
8219
3603
2902
5747
6160
8237
9300
9197
646
5877
778
5826
6709
2761
5939
1444
5735
4933
9476
1176
6273
7274
3500
8338
8840
4595
6924
9660
7873
7043
9143
791
9720
8531
5617
1180
9515
2495
3972
4890
3605
8210
1253
1766
6367
2466
5157
9049
1038
5416
1682
99
8675
6827
8049
2881
8708
1808
1211
6062
5298
100
1094
7504
2214
4145
9223
9011
4005
6053
3869
7314
646
5238
7129
2119
8360
7209
4045
630
8648
2078
8390
2849
263
2787
2592
8370
3502
9960
5089
5037
8133
7349
541
9181
179
4171
8492
5619
6344
4113
5268
9737
3251
7247
5709
2558
6286
9986
9728
7231
3885
4999
9531
4969
3963
1882
9135
3750
8966
9474
8549
7900
6460
3057
7278
8362
8128
938
6210
9800
6522
3719
5193
6615
8615
5615
9362
3395
636
8230
4019
3932
641
8249
7074
2067
5014
9847
6019
9561
6861
4428
9457
5578
500
4805
8689
4142
5152
8039
3914
2635
5773
8439
5460
5045
9203
5937
8800
34
2789
1298
9413
4822
5685
1532
8110
8578
2775
1823
4525
7039
8320
8372
9151
7766
3635
7023
8272
9800
9163
9450
4352
4351
9326
9475
8299
5399
822
1580
8443
9847
5353
8535
6317
2499
7354
3808
2245
3176
4006
6552
5983
1699
5987
922
2051
1294
3936
7183
920
7275
2018
9318
2991
7350
704
4617
3609
9807
5313
8963
8446
23
5189
9784
2543
4895
978
7216
5920
1711
7805
2630
2832
6895
9181
1846
3514
4799
7955
8673
6187
5338
926
1260
2414
7501
8830
3322
7351
8946
1178
3907
536
2490
7431
448
818
6933
6977
4623
8498
4584
7430
4962
853
8610
7686
8504
1470
2272
1623
3696
6267
5096
8616
6888
9707
304
2170
6432
3351
2626
4632
704
958
8376
6398
9611
1572
238
4733
9688
4561
9512
8635
9629
2572
441
2872
2134
7530
9378
5116
8448
4965
1186
1033
1802
9575
8621
8837
8555
3746
667
6899
2871
9110
706
5373
7766
5268
3250
2718
8681
4823
5280
3901
1189
9242
1696
9530
4974
540
8456
4009
1073
1842
3936
1861
997
907
3779
5855
6386
4659
8714
8596
9660
9097
6915
6437
1956
7835
8864
7144
5964
5660
9697
9591
309
3347
1241
3411
5552
8371
4346
9489
1612
9811
6443
7907
544
590
2064
7671
4234
569
4835
1224
1620
7470
1293
9495
5621
9120
1936
4537
653
200
1598
7289
5690
9215
394
6000
3367
766
2923
8393
9606
3489
1355
1705
8016
2699
9327
6149
7053
7977
3102
1488
9935
6888
3482
5820
4768
6465
9576
1938
5424
1584
9554
2908
6153
1708
2030
7227
2418
6346
8714
2133
6381
5630
1375
7046
4327
1251
6275
8088
3795
9513
7047
8608
9008
3164
3476
1794
5436
6297
2596
692
5591
5842
1353
3822
8079
6017
3647
4491
1486
872
3575
6643
7030
806
9415
3466
183
6082
4042
9952
8529
257
7181
3945
9824
8939
2879
1806
7007
5648
3622
7300
253
5288
2339
885
4030
907
9586
681
1583
9073
2320
4896
6598
650
9399
9811
3370
3102
2044
7259
4052
1971
2865
2236
6010
356
516
1157
5737
1281
2563
2065
148
9074
5926
1609
2000
2741
8338
6257
9045
7600
5018
7104
8138
8222
861
4876
4078
3654
9901
1646
1205
2111
83
4226
8975
2806
2450
8185
7490
6224
8296
5479
7856
3587
3987
3098
4989
8800
1289
7063
1184
2713
62
1638
3375
5844
2308
9282
4980
5931
3272
945
6207
7693
1863
2587
6183
5716
5297
4027
9701
6103
7759
7519
9800
4413
4421
8371
4979
8685
3106
6074
3285
4960
5688
325
2434
8350
5969
6402
2422
5777
3216
4421
2453
7726
9068
2107
8346
7301
9153
2745
37
6626
9122
598
7365
4365
3161
7650
7408
1628
3641
6117
494
6981
6233
8243
9781
6254
6538
6904
8256
8074
4765
5879
5456
5754
6908
3818
6945
6890
3611
239
350
3636
7723
5620
2713
6474
5540
1362
5395
5461
3022
2432
6519
5141
4124
8418
1817
9361
521
2390
3587
1025
7364
8565
3896
707
7332
3056
795
3940
7163
226
3442
6839
7606
1146
1815
176
5543
5009
3235
7996
5368
9891
2716
3866
8132
5161
1764
926
6577
2312
3187
9785
5019
4930
222
5719
5068
3838
9604
4264
4197
2171
1768
8804
7039
4666
5796
8634
5828
4484
7102
4753
1368
3165
391
5274
4201
3156
9495
2684
1710
6070
6291
622
8296
4760
7420
4844
3388
4197
4023
4895
2334
2163
8967
7854
6772
9437
3783
3987
7256
3553
4415
8525
2372
2773
688
1486
5117
9132
9743
6684
3661
7943
7581
7677
3324
7244
8300
7031
2581
263
8685
1716
5821
2619
5924
8883
1666
5530
4910
4315
5828
3350
800
1346
9906
3009
7263
5372
3327
8598
9699
7042
69
4267
6451
9441
1113
4576
6082
8637
2567
4793
5974
7403
4825
4909
9866
3873
6007
2822
6790
829
894
5979
6882
7285
6894
9458
5743
4950
2583
473
3343
4943
7360
7472
677
4879
4120
2205
5277
9287
8303
109
9832
4446
4319
8127
9399
4781
6040
6625
1588
2390
6403
9730
629
7246
9349
3620
1667
3659
8951
4880
3553
1121
1079
1309
671
6215
883
6491
4839
9442
8962
1291
7390
1034
7876
8902
3667
7185
848
8219
2239
8133
2302
5859
4026
7957
1327
7437
9026
3926
8263
8331
3444
4016
1922
4386
7696
5932
6096
8502
527
4800
1040
3801
5612
7356
4035
8596
3797
8515
2024
2968
1917
9360
2951
2966
4823
2040
8433
904
6124
7423
9921
6561
5410
5035
1272
8626
9692
556
8934
4255
5694
6109
4549
7337
631
1610
136
2512
1664
6882
5741
4066
9051
269
9739
1766
2662
6982
9116
2569
1412
2849
5326
2985
8806
4909
7156
233
3835
3800
9111
7883
4890
5180
7967
2851
5890
8682
7071
504
8535
675
369
3959
6456
39
8541
869
8757
3457
1846
8706
9658
8966
7244
8725
2594
2828
866
971
9713
7439
4569
7049
1599
8222
5204
982
1580
2434
4708
3362
1132
2386
8655
9676
5130
2869
6788
2757
9552
3385
2307
5113
5998
4499
1031
3989
127
8373
7648
2986
8737
1034
8620
2226
7028
816
1198
4857
2029
6292
2945
8722
7229
2054
1490
3078
5966
2729
8042
1786
2057
9581
7209
3698
3759
1764
9441
2903
6167
3779
4971
1104
8395
264
168
2641
2551
478
2402
1481
7717
8613
4619
2291
5014
9704
9166
8680
8236
1256
7583
5472
7898
7040
331
60
2155
4279
7902
5546
8289
7116
1669
5634
8157
180
7675
4259
5527
7505
7134
5419
3045
3842
1649
1062
5941
6894
8827
6959
1769
8039
399
7465
3400
355
7372
1685
8476
9054
9436
2042
6165
3031
375
8285
2119
857
8594
8583
7835
6715
8784
89
8238
8021
5081
5947
812
3311
4456
8870
7029
5885
8869
5960
9162
2589
4192
7682
9053
5180
9556
5203
9890
2401
8915
9121
7165
8050
4793
3834
8343
3964
5412
7720
8337
9865
483
5961
2133
8940
6073
7264
7255
4441
4049
5607
3786
3477
2842
5687
81
3317
8660
3892
9613
8120
2491
1502
4073
7857
4980
7221
5759
9282
7770
8352
7664
3525
4767
6411
5389
4704
4787
2628
8582
3128
2377
281
5887
8398
712
5544
4933
4959
6736
67
8140
1682
1828
7669
1824
1293
7984
1502
5500
3212
240
7869
4496
8675
1376
9167
7472
6403
8035
778
5617
5913
92
4651
3253
6160
6268
185
8320
5948
4828
390
6835
2319
9919
8004
6612
5839
3280
4383
6914
5220
106
5405
3643
4246
1940
5011
7102
8701
4043
8551
5184
4770
5313
4351
4726
4872
9591
6766
3785
7539
5418
2415
4535
2535
7924
2427
5783
6370
3896
1663
4314
4995
5831
9432
2391
6301
4326
222
1711
9813
5485
4609
5667
1241
789
2867
9281
7163
6968
4669
9823
9805
8011
5011
1103
8188
5148
3627
746
6835
6721
8278
2258
8852
2303
5444
5380
2410
6188
851
1345
7727
7862
3653
657
6348
8647
2249
1755
8686
1674
5058
1691
8760
3179
5468
8282
4466
1962
6563
2760
373
1634
1344
3118
6488
3381
4092
1699
6724
6999
2467
1404
6510
6607
6925
9691
5897
7314
8688
9378
9594
7210
5046
5023
367
4875
1974
2452
8752
544
5058
9413
531
7686
9556
9853
6523
3016
7394
2770
6056
597
5503
3991
1665
2392
2389
6360
3771
8044
8398
4860
7278
6730
669
1102
826
3376
564
9812
6861
5292
4148
4508
3492
6502
8028
1417
4935
5993
62
4516
1866
8401
7089
3509
8996
9541
864
9435
5657
4573
352
6991
6418
6229
1799
3706
6102
8321
728
4607
6769
8032
8588
470
8631
9855
1981
814
3093
49
1146
9185
8587
4029
1436
7943
5061
3730
7519
1603
6189
2098
5366
5816
5366
718
3352
8564
327
9404
3217
2970
4252
472
4262
2478
4382
9403
4752
9836
2211
5406
7402
2387
1849
8681
915
7012
1130
3587
9660
1151
8982
1258
2839
1871
982
7129
9257
4301
6200
9477
4944
4768
2533
8483
2698
8609
6726
3237
8746
6472
5086
7181
4547
1191
3826
8419
8037
3713
4418
8164
6229
6232
348
348
4210
7855
3293
571
4347
340
6537
8037
1677
3600
7392
694
1702
670
5048
7404
1475
2139
9409
1882
572
1760
5599
3001
6776
6136
6465
367
2000
482
2623
7234
3281
6145
5957
646
5165
2655
2362
3567
254
8442
1951
2352
3250
7163
8283
4397
4194
1666
7740
9703
1856
7432
6117
2968
8133
3134
6719
5385
5078
5418
7648
2944
8341
3351
6259
1902
9410
4966
305
5016
1674
9111
2512
6966
4459
2948
682
578
3547
5215
4019
9511
5024
5143
173
7441
1855
1325
10
7320
2206
6985
9665
1759
4033
7621
9795
1394
5115
9178
4142
2995
6723
7684
6877
552
451
919
3271
6001
709
7340
2796
1783
3267
2833
6878
5694
7536
3266
8075
9707
3404
972
1873
5904
9709
2481
5515
4544
5629
390
2737
2229
517
9418
5809
4971
3148
3746
6456
9879
3495
6900
732
1683
9100
9458
9344
9889
3119
3395
4524
2192
4688
1720
3481
3671
9886
4631
8483
2845
7840
8964
2739
7740
788
9872
5710
5213
5237
1117
205
9603
1181
9407
7131
3059
9911
8962
2099
3357
5754
8264
6668
3218
1073
3906
4364
1997
6543
9810
4829
7889
2876
2707
2360
2737
7757
6308
374
4608
6820
1285
8440
4384
3609
7456
4508
8290
3331
3734
5365
9006
8170
2805
5486
4233
9357
1127
9817
6246
2951
8159
7757
6308
7128
9208
5890
6118
3432
5489
2569
7438
1775
2568
1778
3605
1468
37
2911
4286
8938
9590
4904
4821
8611
7850
9407
2275
3790
6114
2085
8917
9309
2615
1442
7034
8688
3883
517
2561
5764
6074
2250
1877
5616
1821
5240
881
2143
6555
7465
7699
6304
5886
3959
3399
1277
4223
3860
5662
7758
9396
6935
6028
1260
8682
2768
2888
5661
106
7090
9584
50
2001
8361
7905
1474
1093
5942
8344
1805
9410
9117
330
7761
2997
426
4009
8871
9095
2034
9804
2694
3972
9299
5021
9001
3605
8659
6686
764
9881
9100
3371
6094
770
3150
3425
3470
2148
6220
8399
6069
1269
4195
15
2925
2332
5019
4177
4267
1033
8651
317
8000
8772
1070
8674
6620
707
5954
4282
5524
5313
1107
4040
731
7359
6053
1580
6139
4752
3422
8881
6413
9724
1634
2839
7326
4709
1890
1169
3132
202
3017
5399
3994
5070
7684
6814
2635
6447
8673
6990
6906
992
293
600
7687
4969
9479
5708
7520
9431
1864
1685
1337
5222
9065
8510
1279
8629
6418
4221
8053
264
8211
6110
4103
5746
1077
1854
3661
7673
1018
8630
3030
6830
9872
8632
3804
7280
5076
9077
787
2402
9882
2907
2165
329
5364
1899
7229
5382
1496
5668
3069
8619
6387
6419
7086
7096
4156
4186
7101
6532
1558
1154
8148
964
1781
4497
3765
7136
8353
2793
8729
5863
4291
653
6109
9642
9171
8269
5106
3036
5409
7650
9633
9227
5865
2914
6258
5836
5228
4950
6196
7213
3130
3571
2978
5215
398
4521
6694
6148
510
6867
9896
5459
496
2969
3257
2681
7711
2345
4185
8202
9047
7586
724
8407
9865
5670
1293
266
9388
5007
3180
2325
3832
7559
7899
8057
6852
2271
5820
5771
7230
1680
3236
4436
8346
141
8612
1258
2365
8520
1937
3803
5954
8852
6500
37
1024
4246
3118
8821
863
1349
6594
4626
1696
8914
5162
5632
1703
6534
2103
2456
2429
5806
1948
8656
8427
3950
6050
1322
5952
4117
6311
5057
7943
4766
405
8511
5313
8955
958
2472
5512
858
19
6135
7639
4873
2466
846
3303
2047
2113
8026
559
4772
3042
8415
4287
5177
2841
4316
3298
1037
1660
4201
2525
5648
1206
6443
462
2008
3384
8785
246
964
6731
6840
6072
8986
1282
6830
4538
8974
8133
2302
6773
9856
8667
6084
4657
7209
4331
8964
3372
3154
3063
3076
4834
8802
6150
1268
4014
8433
9713
5556
1986
1160
8830
5709
3183
6969
2861
4241
5111
5500
4197
9166
9038
677
9712
6629
3451
6382
8499
1825
8106
4062
7094
2865
9992
3180
545
5498
1593
5340
3250
7608
3096
5260
9388
8348
1574
7612
7894
775
6358
7530
144
7178
4024
2564
9041
6617
1683
5084
3735
2069
4905
3730
5683
1484
5824
6371
3226
9849
4579
9234
3206
9148
7258
4926
9266
3095
657
1986
2663
5955
2005
1076
3559
3692
2939
5025
3003
8576
1910
4482
8817
6130
3226
7801
5143
8896
9025
8176
193
7768
8820
988
9900
6825
5564
5516
3896
5264
5351
6711
1708
9284
2627
7317
9615
4901
4360
4724
8192
607
3424
2071
4813
8870
1626
1639
652
2309
4242
1535
4626
6748
1043
4481
152
9339
5179
6342
2550
40
5926
7373
6455
3192
6165
6390
6391
6164
3227
4257
3755
1761
8583
2737
9248
6422
2020
948
559
2186
8328
5747
7574
7106
1879
8041
2762
165
1542
4038
639
5035
5120
6406
8962
7336
82
2008
3834
1152
4628
1163
7395
1146
6746
6457
5337
3567
4286
2662
2781
2127
449
282
6819
6935
8788
1143
9389
1989
7156
3985
66
5583
6835
8479
761
3543
5557
7446
8100
6795
9461
2539
2166
1495
997
1699
1516
9509
5695
5871
9660
9095
3593
1701
6500
8558
1625
9921
1224
2642
8055
5953
3563
8718
1366
2127
3193
5389
4810
2980
2790
7146
5370
3529
7227
3438
9222
1826
7764
8788
1212
3665
8989
7342
7819
6667
8127
7322
8080
9280
2112
6530
5500
7654
437
4592
4447
8049
3396
9250
5810
6319
3314
4958
234
6279
7784
9037
814
2424
8306
9551
5061
9865
8728
7752
2664
6069
3098
4837
4034
4808
4366
2256
7792
3064
5894
6589
4977
2011
4382
829
54
9437
9384
2406
5347
9367
7482
9403
7445
5621
2018
5127
4128
4924
1647
403
5079
5585
1767
5667
8820
7701
6347
1837
1280
6911
5887
42
1202
2425
9725
7886
1901
5883
6874
8683
8998
4321
8916
1800
782
7356
2614
8805
9353
3631
808
2427
6091
217
5835
9070
9458
7374
7187
9087
9910
399
532
5891
5504
1342
2904
7331
9788
1727
4030
8978
4831
3619
6482
3570
2107
6748
6020
400
6811
8600
8948
7160
9291
4837
399
2270
4833
9880
6993
2606
8851
2645
8877
416
7400
9232
5798
9071
8872
5525
289
5375
9047
3160
9407
3750
2541
2247
7811
6158
294
4339
9722
4234
1887
7537
408
6188
4589
4209
6085
8883
5263
8752
3015
7175
6669
3568
4971
7430
9868
145
2520
702
9077
4133
619
7390
1908
9603
8929
1276
7006
2564
6765
3192
5070
5305
1406
6592
8584
2739
2225
1170
7783
397
4602
4643
9735
3882
4351
2127
4886
6268
9747
431
4601
6244
2825
1875
3140
849
8513
3672
3442
891
6157
2726
3331
7240
7235
6557
8749
6850
9590
6915
8693
7812
3204
8372
5747
2086
4361
8021
6728
4269
7650
5338
1109
6982
6977
1807
3565
2248
1503
1549
8306
8617
9551
667
4644
726
5776
6738
2665
701
7357
5682
4251
370
2682
8814
4636
965
8574
1573
9762
8465
40
3783
9271
729
1039
5934
6161
7802
5734
8850
7387
1656
5290
4157
4048
693
8662
1970
5185
5206
2808
8340
4572
5019
1240
8534
6245
1144
4212
9045
1336
3588
2300
2224
696
5239
9296
788
196
8535
4393
6324
6067
9310
4761
7772
5838
3734
5159
2080
1972
3743
3920
3675
9300
7004
7690
7711
7098
4603
475
6470
3810
1698
4663
9607
932
2811
3137
8135
2275
5344
5300
140
7079
6597
983
2992
1526
961
6876
9568
2707
2239
7601
9052
7381
1167
8490
3287
8961
598
1922
2741
634
5844
6841
5460
5988
9980
4724
4725
6075
5108
3021
2665
766
6210
3638
8229
96
7414
1148
3143
1856
5210
2187
4976
8785
957
3176
4569
492
1450
5306
4683
6420
6962
1136
785
3836
5609
1681
1258
7625
4906
23
7627
3422
6273
6788
7785
9736
1268
9628
9394
9789
5860
7911
8287
875
4509
613
9288
5491
4141
4096
3974
6756
5984
4272
7051
8350
1717
6571
1205
560
3894
2757
8656
7002
3514
9633
6074
1709
3620
5707
8740
1395
7358
3701
9746
3079
7345
4788
1545
2695
9272
5718
7722
3039
6484
1734
8740
2589
9293
659
6806
9871
2983
7871
3262
3291
7503
5081
853
6151
1289
1983
1371
936
6457
1620
4704
4795
4142
4543
6081
9354
5582
8411
4104
4951
9639
1133
4485
9877
1821
2638
1302
2005
8908
321
3151
5978
5759
2590
3841
2674
6707
3143
3309
1873
3513
1063
8539
8819
9641
5687
1041
8871
183
2688
9694
6603
6308
8872
9520
1976
8382
5565
2015
9702
3471
3630
7199
4904
3962
9038
4522
931
8379
7181
7808
9904
9157
5439
9021
9361
2504
2997
7345
2540
1298
9113
7340
7668
7235
1646
6703
5074
3738
5738
1991
9741
432
6636
4984
5419
8189
8688
7197
2816
4466
9919
3455
8096
9238
4354
5200
8867
1257
3242
6660
565
7772
5034
5008
6547
5136
5220
2922
9442
3960
9338
8725
1269
8631
1144
9513
230
5900
5642
3552
5113
1638
3722
7147
2452
6960
6143
434
711
6747
8600
9592
569
9212
6071
493
8854
6784
7559
3396
7628
2756
7960
6038
4050
6877
141
1348
4546
7105
2322
8278
277
9221
8880
5861
2771
5800
4135
9605
5348
8808
6139
541
9805
8183
5933
2706
9473
5095
298
4560
1444
3976
7502
9851
1978
2809
3743
161
7907
916
5986
2272
295
637
4430
6682
5725
4018
7142
3694
5154
334
1421
5920
2348
4010
4490
1397
789
9457
3843
158
7789
5285
1063
9595
3717
4587
7961
9462
569
9016
3559
769
5065
9294
8020
2283
1289
698
7257
4292
9514
9222
7287
26
6964
2510
1284
6575
3679
4435
3348
6689
7730
6305
158
7277
1699
3292
6508
9466
2617
7332
5031
7974
6281
6469
77
9012
6757
6943
8063
3915
1861
2666
4760
8822
7022
5631
7177
8033
2171
6242
8984
6355
1099
7535
6404
1820
3309
2994
426
2655
147
5709
4209
583
6130
8609
6653
1994
5049
4920
3797
4370
5667
6648
6157
4606
5723
4576
4617
9957
2916
6240
1032
9482
89
9787
8716
3805
7331
9042
4097
6591
9853
2781
6871
771
1617
5362
2813
3900
211
8001
4876
5839
3026
4150
6262
7138
6287
3471
2157
637
2150
6694
817
4184
7458
8315
1487
7622
9470
7889
4683
1196
1564
4044
8532
8251
7446
8424
982
1349
4961
2052
7742
4614
7585
8452
2093
8341
7973
9234
7282
124
7283
210
3295
7496
9837
797
831
6219
7989
1460
5464
2200
262
4921
5596
5379
5854
9036
6273
642
6097
8793
1054
2699
3938
92
7086
9409
5442
9375
8573
3982
9509
898
5704
2478
8579
4172
5180
9706
1862
6879
7675
6041
8100
6550
9758
3253
193
5619
8877
3710
2074
8312
174
161
3301
7433
7664
1537
910
9939
9882
2009
5660
2533
6546
5561
9994
3588
5423
8524
3677
6994
5432
2773
6794
2236
6687
5189
9685
816
6011
3778
7789
7962
5991
1889
8935
4242
4049
5087
2337
2124
348
1575
3707
7475
3715
7535
5499
7222
5363
7807
467
6480
8947
7685
9698
9825
2506
1330
4164
7138
558
2765
3810
3582
8211
9636
7632
2396
5641
4020
6208
4301
4486
8152
1993
1417
5404
3836
358
9911
282
2543
2222
971
5594
8026
1411
5133
1538
5805
12
5917
4771
9967
5554
1349
7995
1550
2265
720
6688
2479
6416
73
2047
1577
6355
7188
8890
839
5083
5488
4410
2926
8105
6666
4542
6512
4581
5602
2888
9431
589
6372
6746
3994
2403
2282
5031
7066
3936
2467
3084
4736
7572
6654
7346
2897
8201
8070
5449
833
8863
1420
5532
2040
9522
5976
9554
9852
8327
7494
7626
2991
7168
2612
6885
2634
5877
5035
6713
7027
6766
356
2315
715
7539
2276
239
9447
8856
3120
5853
8101
3467
3678
6389
4517
133
7471
6394
2858
2711
7602
6443
1077
4878
9125
5404
5531
9542
2702
2889
7503
1224
809
6487
9537
7475
5174
129
9012
9238
6699
990
6650
4924
9383
3939
4315
6501
3877
5164
2951
1589
9388
9240
4521
260
2939
150
6946
2274
8280
3371
9792
6719
3105
7006
2117
6915
1379
8
8155
4215
5477
802
5883
9704
9186
7519
3108
2433
3506
4530
7170
1617
8817
1006
9762
3248
8467
9273
8329
6555
7227
6892
928
1596
6320
640
6793
9390
4924
6354
8682
9273
9487
9525
7947
6510
2342
9998
6601
4349
5513
8526
8038
5363
7100
9537
9167
765
4002
6450
6816
2433
5046
2967
3250
2762
5326
4733
3808
2467
7764
2917
8940
4776
7627
714
7029
5768
3070
9024
9958
2725
3468
179
4964
205
8012
8213
787
4743
8354
1409
1531
1686
5394
3782
7937
6091
1334
7373
3393
3817
3434
8956
186
6794
7923
5326
1281
4444
3720
9691
8771
4254
2536
1902
876
8811
8783
5528
7522
4408
8407
7302
9222
9537
6648
7173
4250
7870
7732
4267
3431
4637
889
8269
7662
29
6758
178
3654
378
1585
9252
7626
2047
492
8189
666
1957
1731
4830
9913
3887
1611
3195
9454
9502
1537
1234
8032
3007
4227
4785
7763
274
3222
1409
1232
6258
4179
1716
5139
715
8319
9060
1924
2678
7644
1587
9961
67
7915
6506
3377
9034
1548
5652
5913
8615
2733
423
9239
3683
7342
1905
6562
5787
4285
9651
4443
6707
9589
6119
5599
4974
1162
3199
9259
3286
1226
500
9946
5417
341
2834
7873
2323
6262
8220
5522
4890
9620
6606
1658
2418
4143
734
7337
7933
7688
3895
2004
2679
3622
6969
9459
9264
4330
9391
5118
5387
4075
5643
4511
7074
6551
7663
8321
1916
1710
4786
875
4723
4946
5570
8338
1474
8876
7078
7367
1453
5753
8718
4071
4962
1974
7394
6307
7555
2442
3970
4162
1604
3324
2892
2688
6639
1227
6959
214
6874
9932
2055
3890
5128
7997
8387
1653
3887
2991
4625
55
645
3223
8175
9837
4259
7579
510
3627
9402
3751
1074
7668
2198
7466
3426
3923
3840
8620
5620
1025
6786
5710
1597
4327
7165
6085
7616
3851
9804
7068
980
3819
5141
3838
7258
4243
3254
4053
5667
3568
4264
5564
1992
7470
4680
9323
9144
4311
2023
1630
6222
3346
9034
4593
8376
7023
8901
6098
5171
4910
1765
4979
7103
4743
167
6111
5798
298
6719
1720
1828
6764
9298
9709
8151
6752
2964
4472
8582
8234
4005
1912
9098
6713
6495
5425
4270
7915
8256
75
2593
3386
5795
6788
2074
5276
4184
2949
9742
8018
2194
1571
9911
8444
3731
9333
9435
6657
2135
4400
1732
8156
7178
3120
6274
6198
9930
6117
6881
843
4781
2281
6873
1717
1048
8251
9528
1160
5874
5785
1135
9720
7689
9858
6338
5496
3257
254
3035
1929
2131
1788
9173
4405
7467
2130
5021
2267
5093
2723
605
6300
8768
1946
2042
7576
4930
6047
730
5134
8139
8042
6636
939
2467
9020
5990
4448
4984
3546
11
859
3789
3316
5293
9636
7193
7918
4521
4597
2715
2140
1060
1789
1782
8176
1876
8768
1139
8144
2887
2275
9290
8853
62
1262
5597
6183
9857
7961
2747
3499
8214
6075
6401
4373
9877
1359
5689
2157
5654
2498
7825
1817
3759
1737
9396
6272
1617
1897
524
8252
5486
9006
5502
1368
4329
6376
317
9399
2054
5024
6567
5919
3434
2123
4201
8707
320
7444
5691
2838
7530
9030
4551
277
5377
3409
8459
8021
2214
9994
5335
5741
8940
1816
8685
586
7527
517
244
4676
7367
5728
4035
920
5589
5700
1209
3244
4737
5767
6756
1868
7838
9888
8727
9038
2830
9433
7907
307
9471
3406
4210
1386
3462
6737
5368
8768
3134
8125
5032
4238
7694
2864
8158
3282
4488
1072
5431
2765
1289
8295
1234
2624
7311
3482
699
8772
3478
9622
8703
4086
7936
4426
3802
2993
2961
1669
2671
5887
2420
6326
8470
4566
6768
9078
8819
6875
8311
8674
7728
1571
1043
464
2975
3395
1544
4789
4052
4044
4386
5063
5068
2778
2579
278
7763
7841
6921
7756
6290
8361
5910
7943
9198
4747
962
398
8632
1325
4118
3870
5574
9960
7660
527
3220
5787
4794
2126
6783
4338
9356
1391
9096
2157
118
8893
6081
8401
4342
6886
683
6812
7969
7694
8619
6231
9968
1451
8090
377
6002
1791
1222
1599
1673
7796
1647
5832
8994
2823
5722
3495
5447
7949
2336
6402
2756
1451
5880
3753
1062
3692
171
8528
2274
6720
6080
4573
4043
7818
1918
2071
7096
6297
3592
8872
5985
3332
7756
9410
2779
1835
9486
4361
4755
9643
5529
2771
4452
9945
6801
9009
4817
6330
9952
779
9101
5006
5326
5764
2255
6032
955
9704
8066
7529
121
281
6592
38
8930
6918
318
3314
1419
7814
1537
4487
5769
7803
2973
4661
1795
6276
8129
5574
4113
7515
1166
1159
1186
2530
1783
6160
9919
2544
2785
6976
6052
8061
8252
5207
6774
855
9495
1104
4523
5514
7886
2535
560
5071
9532
4551
9203
7320
5045
9712
9600
4643
3027
4417
6766
4997
4333
7808
7642
8853
7302
8901
1916
5452
4233
503
2920
2423
8600
9227
3737
595
8458
3726
4930
6989
136
9828
6758
6875
5455
6559
5642
6790
9315
139
7834
5759
6021
7166
6471
4916
7860
3974
595
9282
3789
1269
5980
9376
7709
2037
6538
4162
6181
6050
1388
6260
5329
7892
7030
7437
4079
7834
2605
9539
7490
2885
6539
8471
4830
9921
4032
4628
2844
2247
2089
6775
3557
562
9519
1141
1785
9876
5137
6486
78
111
5734
4563
8178
703
6900
8425
3092
4517
6641
8439
1470
5447
2433
1659
2327
8378
1984
1390
3543
2043
2522
9421
8421
5228
8212
387
5689
3052
6557
493
2620
1182
8695
982
7961
3195
3907
225
2490
5021
9602
1066
1285
9072
6093
394
7829
7031
7116
8361
419
2610
7406
5484
989
5375
6055
4040
3825
7940
548
6525
4549
6025
4524
8263
5151
5516
1071
9890
5961
4816
7514
9412
8193
375
1018
9058
3815
94
8157
2313
920
192
4993
2161
7882
3426
3991
4777
8196
2139
207
4543
727
5778
6478
2410
8870
3056
7676
9249
9110
6268
1221
4200
2448
8000
2241
4828
6852
6733
3671
3637
4747
1576
9350
4344
8333
1407
6185
1347
5406
4284
3865
7893
6770
6260
5874
3653
7781
8022
8072
7135
3541
1741
9869
9345
3531
8806
2085
4895
1880
4890
5513
1509
2528
8220
2258
2081
3715
6628
6203
4382
5838
57
3419
6331
566
3646
6113
8997
4065
3777
2519
1013
3740
2403
4603
8753
6076
6634
8059
4079
2479
8531
9810
965
7494
8160
1122
3485
1316
1502
5184
7071
9948
4475
9016
8243
1827
4691
4159
2468
6297
1956
1299
8008
6585
3215
1715
486
6644
8328
9310
7750
3285
2630
4769
8923
1825
5455
3181
1969
3860
4785
5354
5489
5651
5997
8518
441
8731
6077
9774
5674
6357
2360
5424
5971
7636
2338
6316
7445
209
8375
659
499
4935
3025
4508
26
757
4553
6299
6427
2316
5931
5455
5219
1456
9092
35
8704
5931
2055
3529
4692
5447
5335
2321
6972
3838
5985
6709
3662
1890
1935
9885
1968
8753
8283
293
9400
1115
643
4161
2005
8298
1780
2321
1393
4453
5095
4436
5019
5987
367
9066
6754
9656
1947
4402
1752
8371
7795
7651
4501
2733
9045
1632
9856
8946
8864
70
7333
8895
9658
9100
3677
928
1003
7295
1848
3918
385
5360
4603
9537
5828
4347
9198
86
4797
8877
7968
8823
5831
6090
1391
6316
308
6416
2882
9643
6423
2422
1299
7516
7957
6165
1708
7454
6520
7744
5183
5591
1321
4137
6734
1421
194
5668
9618
293
7799
3234
7347
7781
7645
6904
1349
197
5160
5967
4805
9175
4476
9585
7934
9875
4568
159
2915
5509
3571
5390
6313
450
3895
8410
6696
5905
677
9507
7100
3823
6002
6803
6781
5193
1023
5120
7694
5718
4913
614
8519
4066
3644
7114
4434
3020
3009
9410
7727
8725
6225
1670
3697
2518
4491
2429
8909
3947
4786
1987
5089
2882
3224
9725
7417
5974
6217
4676
5107
2117
8459
5769
8013
4371
9318
3116
3348
5657
8820
2593
9593
602
7141
2973
7038
8118
5123
58
2949
2623
6046
25
5392
6203
4242
9353
4957
4944
8512
6429
1280
7837
1176
1278
5260
3775
5119
5051
755
1562
884
1028
8593
6046
5140
451
1295
3
7223
9946
3918
7331
6554
9770
4971
8269
6522
2593
6257
2610
237
3804
8808
1486
7079
3098
1870
8091
8528
4481
9847
8743
9475
5777
316
223
9462
3136
3712
6252
381
4986
3210
997
8283
8487
6760
426
1823
2902
3595
6339
5035
2828
1568
4312
8147
2759
3130
2551
702
7033
9515
6489
8835
4143
2713
9910
4082
5569
3855
120
7555
4696
1568
2683
6244
3308
8654
7762
9104
4351
1942
9393
5038
8999
2529
6113
5662
1948
4288
4464
8917
9666
6763
6413
6234
5892
7620
1723
6460
9133
8467
7277
8496
8400
1471
4002
451
2003
4423
4676
6735
9932
3017
7207
123
9378
4177
7653
2333
5543
5105
9391
589
1403
5352
164
8301
7829
5998
9680
8101
9032
3944
3380
1168
4764
3824
7083
746
7577
1001
7546
6090
5064
3233
387
2340
2881
7432
7244
8001
9676
1544
5797
3990
4058
3059
1711
1314
7048
348
7848
8076
3315
5308
9260
7092
1058
8372
7975
9341
4211
402
2686
5359
1718
4210
6774
5410
117
3517
8920
4324
2862
5665
8711
3341
9448
7234
9781
7767
4681
912
1329
672
5480
517
536
7505
5456
3683
3945
404
3970
9853
4018
9614
8705
804
7583
6438
1207
7340
1024
9711
1892
8773
7457
4136
9532
8284
8019
7050
2055
2897
1891
5222
8788
5773
5036
5897
4234
2597
5774
6336
9938
7007
3230
9310
7419
5865
2141
7025
4516
3227
2192
9418
1209
7926
7568
5831
7083
7089
4050
4477
8089
3397
8357
9333
3189
8893
4895
2760
9812
6775
2041
7437
7808
8049
4948
8465
4482
5467
690
7469
2300
7692
1218
352
9126
9383
248
2159
6819
2941
7737
222
3597
4200
716
235
1880
6855
4495
7733
7626
7819
4702
5238
4881
9102
2399
7019
9271
617
434
7038
7190
5096
1364
4449
4902
7125
7665
6424
4033
3212
9801
1047
9723
9787
5794
6277
1965
3030
3416
8537
5110
5456
2710
2095
4160
7094
7516
1687
6482
2397
6561
2493
299
1920
9218
1198
6461
5406
3501
4466
5502
8400
2730
1265
3296
4530
7966
7452
6983
5175
7238
9653
3997
1529
3029
2984
1744
8929
5374
3701
3240
3929
2961
206
9215
5721
6759
1313
964
690
1421
8949
5549
8809
874
7339
1760
522
5231
3279
1861
5851
7445
4647
8847
7237
1437
4652
5165
6280
781
8017
2167
8490
3677
3720
193
3467
2471
9236
7227
5168
1575
3258
1529
3827
2791
1136
9775
9943
571
278
9911
1758
8295
8724
9894
4225
7143
785
9070
6534
7393
8994
3698
3089
6627
253
8012
7078
6331
3010
3910
887
2259
1321
6288
1379
2589
4484
4862
9792
9045
215
9684
8737
9797
4000
3012
2518
3975
3447
7235
6243
3413
1383
793
8535
7548
7701
7583
7544
4554
1689
8856
1461
2275
19
59
3841
5520
5569
7909
6898
9502
9004
7889
4920
1689
2784
6775
1538
6456
6278
8175
2720
8088
44
9179
7435
6031
8578
6552
2615
1612
4347
6872
6119
7193
4699
7452
1113
6319
7280
2432
9549
3476
4723
318
1438
911
1192
426
3391
2049
4135
8032
267
8972
2360
4686
1596
9447
5677
2324
1338
9730
4186
1624
1662
5053
8865
2149
8322
9189
2921
5125
3695
5463
836
4740
269
6948
9632
6327
8594
3666
3060
7669
1792
8127
1553
8673
1231
8210
8736
3706
3009
5293
9535
4573
8566
9683
3713
7857
54
5798
3264
3172
3500
3154
6974
1916
5699
4480
6941
6972
4685
8827
7324
1400
7084
5107
5065
8002
9822
4812
918
6040
4481
7890
2341
2393
9852
7120
9675
4408
6474
5985
869
3361
7282
3528
6371
9702
5543
9003
6982
7939
7573
9571
9628
9099
400
9927
1708
1824
2849
6783
4161
3046
4933
2434
2583
8605
4064
1370
9787
5535
5581
2096
7750
5878
8222
8141
8922
2653
7868
7598
1780
1668
4766
7950
1216
4884
9037
3706
6144
8138
9825
7966
8424
8949
8166
1276
6823
507
4656
309
9541
7087
1265
50
7080
9739
4774
1366
6786
4912
3725
5661
7218
2187
2101
759
5822
4977
7821
9178
1269
4464
843
7114
5425
7343
2975
1943
4296
4493
9468
4863
2284
1023
8541
6595
7138
3508
4690
7219
989
5960
7858
6455
6605
3552
5883
8288
5094
8606
4653
9647
3397
3921
6223
9947
54
3360
306
8576
8923
2649
7149
4610
4816
7801
8625
6988
7351
4609
2179
8992
9273
7150
6472
6034
1182
2676
3691
9018
8576
2717
1193
126
130
868
7915
5087
3914
2824
7976
2829
6847
4789
2385
5812
8067
4059
7596
4785
2718
8345
7564
9276
6576
4046
7978
1365
2225
2935
7656
2314
8424
3834
8626
4172
9900
705
1542
1766
9006
4570
9450
9106
5617
716
3785
9858
3447
851
5868
7878
3507
220
2032
2749
323
5818
3163
8859
7841
5936
8955
4010
8956
5604
6293
6058
6946
3308
6808
4289
203
1828
7121
5955
486
7910
7780
5570
4408
8674
9468
1869
8477
7491
114
8617
8857
5241
3149
6006
6780
2750
4703
6061
2639
5430
2825
802
2103
9928
5121
8785
2243
991
3744
4702
2567
4935
8615
3913
7581
6504
8082
1494
7186
8136
4582
2296
2481
9702
9190
8965
1150
3363
4956
563
963
3753
4052
6766
3972
3817
1874
6102
7717
2365
9631
9056
591
9663
9899
4143
9131
3913
318
8799
3925
8164
5167
6164
9702
3742