399
409
418
427
428
437
446
456
458
464
474
483
491
492
493
495
504
506
511
515
516
523
530
537
543
546
554
560
562
569
574
579
582
591
594
601
607
610
619
623
630
634
644
647
657
658
663
666
671
680
687
689
691
699
706
712
720
724
732
742
747
753
760
769
772
777
781
785
786
791
792
800
807
810
817
825
833
836
846
851
858
865
866
869
876
885
890
892
900
909
919
921
931
939
945
948
952
960
969
972
974
982
988
996
1001
1009
1018
1025
1027
1033
1039
1046
1049
1054
1062
1067
1068
1072
1078
1083
1085
1095
1104
1108
1115
1116
1119
1125
1135
1137
1141
1151
1161
1169
1173
1176
1178
1187
1192
1199
1203
1209
1213
1216
1226
1229
1238
1242
1244
1248
1252
1253
1254
1256
1265
1270
1271
1277
1281
1291
1293
1295
1300
1308
1313
1315
1321
1326
1329
1332
1335
1339
1346
1353
1363
1368
1372
1379
1389
1397
1403
1405
1413
1422
1430
1439
1444
1453
1455
1460
1468
1470
1471
1473
1476
1482
1486
1490
1498
1503
1505
1506
1511
1515
1518
1527
1537
1547
1555
1561
1564
1567
1570
1572
1577
1580
1587
1594
1596
1601
1605
1609
1615
1622
1627
1637
1644
1650
1656
1665
1667
1675
1676
1677
1678
1682
1685
1687
1688
1695
1704
1713
1714
1722
1727
1736
1737
1740
1742
1752
1757
1766
1776
1781
1788
1797
1798
1800
1807
1813
1820
1824
1830
1838
1841
1846
1849
1852
1855
1862
1872
1879
1880
1889
1897
1906
1913
1915
1917
1926
1933
1935
1938
1946
1950
1952
1955
1958
1960
1966
1971
1979
1985
1989
1996
2005
2014
2015
2018
2022
2027
2033
2038
2047
2052
2062
2064
2065
2072
2076
2079
2089
2093
2097
2107
2114
2117
2124
2132
2133
2139
2144
2153
2155
2159
2162
2166
2176
2183
2188
2193
2200
2207
2210
2218
2228
2233
2236
2244
2245
2255
2261
2263
2268
2275
2277
2283
2284
2291
2296
2297
2302
2307
2315
2324
2331
2337
2342
2351
2357
2359
2366
2375
2385
2388
2391
2394
2403
2406
2411
2419
2421
2423
2425
2428
2433
2439
2440
2449
2456
2464
2471
2481
2489
2497
2500
2502
2509
2519
2521
2526
2532
2539
2544
2545
2549
2552
2562
2564
2573
2575
2577
2582
2586
2595
2597
2604
2611
2621
2624
2626
2635
2645
2648
2656
2666
2669
2670
2680
2686
2690
2698
2699
2705
2712
2720
2723
2729
2734
2744
2749
2753
2763
2765
2766
2772
2781
2785
2795
2801
2806
2809
2814
2824
2829
2834
2839
2847
2848
2853
2854
2862
2872
2874
2883
2884
2889
2896
2898
2906
2914
2921
2927
2929
2937
2940
2950
2955
2957
2966
2967
2975
2977
2983
2987
2991
2996
3001
3005
3009
3010
3015
3020
3022
3031
3033
3042
3049
3052
3057
3060
3062
3067
3069
3073
3075
3078
3085
3092
3093
3100
3102
3104
3105
3113
3115
3121
3125
3135
3142
3148
3157
3161
3162
3163
3170
3174
3175
3177
3182
3192
3196
3202
3205
3215
3220
3224
3234
3240
3244
3245
3249
3252
3257
3259
3267
3272
3281
3282
3291
3293
3299
3303
3312
3319
3321
3331
3339
3349
3356
3359
3360
3364
3373
3382
3390
3397
3401
3404
3411
3419
3428
3434
3437
3440
3442
3443
3452
3462
3463
3471
3474
3477
3484
3488
3497
3498
3508
3512
3517
3522
3528
3535
3545
3550
3554
3562
3567
3568
3570
3577
3578
3588
3590
3594
3598
3608
3614
3619
3629
3637
3643
3647
3649
3652
3659
3667
3671
3678
3683
3690
3695
3702
3703
3712
3719
3726
3730
3734
3735
3744
3746
3753
3761
3767
3769
3778
3788
3789
3795
3799
3801
3811
3821
3827
3829
3834
3842
3851
3856
3863
3867
3877
3883
3886
3896
3904
3913
3919
3928
3937
3947
3951
3960
3969
3976
3984
3986
3996
3998
4002
4007
4008
4013
4020
4025
4035
4044
4052
4058
4062
4069
4076
4085
4089
4092
4097
4105
4114
4117
4121
4126
4136
4141
4142
4144
4154
4163
4172
4173
4180
4190
4199
4204
4213
4216
4223
4232
4237
4243
4249
4257
4265
4266
4270
4275
4279
4283
4293
4300
4302
4304
4312
4318
4323
4324
4331
4332
4339
4348
4351
4352
4360
4370
4378
4382
4383
4388
4395
4405
4408
4412
4416
4425
4434
4436
4443
4444
4451
4459
4461
4462
4470
4471
4475
4479
4486
4491
4500
4509
4515
4517
4527
4537
4547
4548
4550
4553
4558
4565
4571
4576
4582
4592
4598
4601
4608
4609
4617
4620
4630
4639
4641
4650
4659
4665
4672
4681
4688
4690
4692
4701
4702
4705
4715
4723
4728
4735
4743
4750
4751
4752
4755
4761
4770
4779
4789
4797
4805
4806
4811
4818
4823
4826
4830
4838
4846
4849
4852
4854
4855
4858
4860
4864
4867
4871
4879
4889
4897
4905
4907
4912
4918
4928
4937
4943
4946
4947
4956
4962
4969
4976
4978
4985
4994
5001
5011
5016
5019
5026
5029
5037
5044
5049
5056
5057
5064
5071
5079
5086
5088
5096
5103
5112
5120
5129
5134
5141
5145
5151
5157
5159
5160
5161
5168
5176
5177
5187
5193
5196
5203
5205
5210
5220
5224
5231
5238
5244
5245
5248
5250
5253
5257
5261
5266
5276
5286
5287
5295
5298
5300
5302
5308
5316
5322
5332
5342
5345
5355
5364
5369
5376
5378
5384
5392
5394
5400
5409
5417
5421
5431
5435
5445
5450
5460
5465
5469
5479
5488
5496
5504
5510
5519
5523
5533
5538
5548
5555
5563
5569
5576
5586
5588
5593
5602
5604
5609
5610
5614
5620
5624
5632
5635
5642
5650
5659
5662
5667
5668
5677
5687
5689
5694
5695
5704
5705
5715
5719
5721
5725
5732
5740
5746
5752
5759
5767
5775
5784
5787
5796
5805
5811
5816
5820
5829
5830
5835
5842
5851
5854
5859
5861
5868
5872
5881
5887
5892
5897
5905
5906
5908
5911
5918
5919
5920
5923
5932
5934
5936
5938
5943
5947
5949
5956
5965
5975
5985
5995
6004
6014
6023
6031
6037
6039
6049
6053
6060
6066
6069
6070
6079
6082
6084
6090
6091
6098
6103
6105
6108
6117
6126
6133
6137
6139
6143
6150
6159
6167
6175
6179
6184
6193
6197
6203
6210
6215
6225
6233
6237
6238
6247
6254
6264
6273
6276
6284
6292
6293
6294
6298
6300
6303
6313
6315
6318
6326
6333
6335
6337
6341
6343
6348
6354
6362
6372
6379
6385
6388
6397
6400
6409
6418
6427
6429
6433
6441
6443
6446
6452
6461
6463
6471
6477
6484
6489
6493
6499
6502
6512
6518
6523
6532
6541
6547
6553
6558
6566
6574
6581
6591
6600
6602
6608
6611
6614
6621
6625
6628
6638
6642
6652
6655
6660
6664
6673
6674
6684
6688
6689
6696
6701
6709
6719
6722
6723
6728
6729
6736
6738
6743
6753
6754
6755
6764
6767
6770
6774
6783
6793
6800
6802
6812
6822
6824
6829
6833
6836
6838
6845
6847
6855
6861
6864
6867
6872
6882
6884
6890
6892
6901
6905
6907
6908
6913
6922
6927
6928
6932
6938
6945
6948
6949
6956
6962
6968
6978
6987
6994
7002
7007
7017
7026
7032
7033
7037
7038
7042
7043
7050
7060
7066
7067
7074
7079
7089
7095
7103
7108
7109
7113
7118
7119
7123
7129
7130
7131
7140
7143
7144
7148
7156
7166
7170
7172
7177
7186
7189
7198
7207
7209
7211
7212
7213
7219
7228
7238
7240
7244
7247
7257
7260
7269
7274
7278
7288
7298
7307
7312
7318
7327
7329
7330
7340
7349
7359
7364
7369
7373
7382
7383
7388
7396
7398
7408
7409
7411
7421
7428
7430
7439
7441
7444
7447
7449
7451
7455
7464
7472
7475
7481
7487
7496
7498
7500
7505
7511
7516
7522
7526
7529
7538
7545
7554
7557
7563
7572
7580
7583
7586
7596
7599
7607
7610
7614
7620
7627
7637
7644
7648
7649
7655
7659
7669
7672
7675
7676
7677
7679
7687
7695
7704
7709
7719
7722
7725
7728
7738
7745
7750
7759
7763
7769
7779
7782
7785
7790
7796
7802
7811
7816
7823
7824
7829
7839
7848
7849
7852
7859
7864
7867
7877
7886
7892
7894
7896
7906
7907
7913
7920
7926
7927
7928
7935
7937
7940
7945
7948
7952
7954
7957
7960
7969
7979
7982
7989
7993
7997
7999
8006
8015
8019
8026
8035
8039
8045
8052
8055
8064
8072
8073
8081
8089
8098
8104
8107
8109
8117
8124
8127
8136
8145
8149
8150
8157
8160
8161
8167
8170
8171
8178
8185
8191
8200
8210
8212
8214
8218
8221
8224
8230
8240
8243
8244
8252
8258
8262
8272
8280
8288
8293
8301
8304
8306
8309
8316
8324
8331
8334
8338
8348
8353
8358
8361
8365
8370
8377
8387
8392
8400
8404
8412
8416
8423
8432
8440
8447
8450
8456
8459
8462
8471
8474
8478
8479
8486
8492
8497
8507
8512
8519
8522
8527
8533
8535
8543
8548
8558
8566
8575
8579
8586
8588
8597
8602
8612
8613
8614
8624
8632
8640
8644
8647
8654
8660
8662
8663
8664
8665
8674
8684
8694
8703
8713
8722
8730
8736
8740
8745
8752
8754
8762
8766
8769
8771
8774
8776
8780
8782
8790
8791
8793
8794
8801
8807
8808
8810
8818
8827
8834
8838
8846
8847
8854
8859
8864
8868
8870
8877
8878
8881
8887
8895
8903
8909
8910
8920
8922
8931
8935
8942
8947
8957
8965
8972
8973
8980
8990
8993
9001
9007
9015
9023
9026
9034
9041
9051
9052
9060
9065
9069
9072
9073
9081
9091
9098
9100
9101
9110
9120
9121
9131
9134
9141
9142
9146
9153
9163
9172
9175
9184
9189
9199
9202
9212
9220
9227
9234
9243
9251
9260
9268
9275
9283
9293
9295
9300
9301
9307
9309
9318
9323
9331
9340
9344
9348
9349
9357
9367
9377
9382
9383
9392
9395
9399
9405
9407
9413
9417
9426
9429
9437
9444
9452
9453
9462
9463
9473
9476
9480
9487
9494
9496
9499
9500
9504
9513
9520
9523
9527
9535
9543
9548
9558
9567
9575
9583
9592
9598
9606
9612
9613
9615
9621
9624
9631
9636
9642
9644
9649
9659
9666
9672
9677
9684
9693
9698
9703
9712
9720
9724
9730
9738
9746
9747
9750
9760
9767
9771
9774
9779
9785
9788
9794
9802
9805
9811
9820
9823
9827
9832
9842
9844
9846
9856
9865
9868
9869
9872
9874
9876
9877
9880
9885
9891
9894
9901
9905
9906
9911
9919
9928
9936
9938
9942
9950
9951
9959
9964
9970
9980
9982
9992
9996
9999
10009
10012
10022
10032
10033
10035
10039
10042
10051
10056
10064
10071
10074
10084
10086
10093
10099
10103
10108
10117
10127
10132
10138
10144
10149
10151
10159
10166
10169
10176
10185
10188
10194
10204
10210
10219
10226
10235
10245
10250
10254
10258
10264
10274
10281
10288
10295
10302
10310
10316
10321
10322
10325
10329
10339
10343
10348
10350
10355
10363
10364
10369
10371
10381
10389
10399
10401
10406
10411
10421
10425
10431
10440
10444
10446
10455
10458
10459
10466
10472
10482
10484
10489
10497
10502
10507
10514
10519
10529
10539
10548
10551
10557
10559
10563
10569
10574
10582
10591
10598
10599
10605
10614
10623
10631
10639
10648
10650
10653
10661
10670
10675
10681
10688
10690
10693
10696
10705
10709
10715
10723
10728
10729
10733
10737
10747
10748
10750
10760
10764
10768
10775
10777
10786
10787
10793
10795
10800
10801
10805
10809
10811
10813
10823
10824
10831
10841
10845
10846
10855
10861
10871
10877
10879
10886
10892
10897
10903
10904
10911
10916
10923
10930
10937
10940
10948
10952
10960
10970
10980
10983
10990
10993
10999
11006
11008
11013
11015
11022
11032
11039
11044
11052
11059
11060
11067
11070
11072
11082
11084
11089
11091
11100
11106
11108
11110
11111
11120
11125
11131
11137
11138
11143
11150
11156
11159
11167
11168
11173
11182
11189
11199
11201
11206
11212
11214
11221
11227
11230
11238
11240
11248
11252
11255
11263
11264
11265
11272
11274
11278
11280
11286
11296
11302
11312
11322
11327
11333
11341
11349
11355
11363
11366
11374
11378
11385
11395
11398
11405
11407
11415
11417
11424
11434
11435
11436
11445
11446
11452
11454
11457
11463
11473
11475
11478
11484
11488
11496
11506
11507
11517
11520
11521
11523
11530
11539
11543
11545
11550
11555
11565
11568
11575
11583
11588
11591
11593
11601
11605
11609
11610
11615
11622
11629
11639
11640
11650
11654
11664
11672
11677
11682
11684
11685
11687
11697
11703
11710
11719
11725
11732
11733
11735
11743
11749
11755
11765
11770
11779
11783
11791
11795
11801
11809
11819
11827
11832
11834
11836
11842
11851
11852
11855
11861
11862
11870
11880
11890
11891
11894
11899
11900
11903
11907
11916
11919
11922
11930
11934
11937
11940
11941
11951
11955
11964
11974
11980
11981
11990
11991
11997
12004
12014
12016
12024
12032
12033
12040
12048
12058
12059
12067
12071
12075
12076
12077
12084
12094
12099
12109
12115
12117
12122
12131
12138
12141
12149
12159
12163
12164
12171
12179
12185
12190
12197
12206
12210
12211
12214
12223
12227
12235
12236
12246
12255
12261
12267
12275
12281
12282
12289
12293
12302
12311
12318
12322
12325
12334
12340
12347
12355
12363
12371
12377
12387
12392
12396
12405
12411
12413
12421
12431
12437
12445
12455
12459
12462
12465
12473
12475
12484
12488
12493
12494
12504
12514
12519
12529
12534
12535
12542
12552
12556
12562
12568
12576
12577
12584
12590
12593
12595
12600
12603
12606
12607
12615
12618
12619
12628
12638
12640
12648
12656
12666
12674
12683
12684
12694
12698
12699
12704
12707
12716
12718
12727
12737
12739
12743
12750
12759
12766
12769
12774
12780
12786
12793
12801
12810
12815
12820
12825
12826
12835
12840
12846
12853
12859
12867
12871
12876
12885
12895
12898
12903
12906
12912
12915
12919
12927
12933
12939
12945
12953
12959
12964
12966
12974
12975
12982
12985
12991
13000
13007
13009
13016
13026
13028
13029
13033
13038
13048
13053
13054
13057
13059
13060
13066
13073
13074
13083
13084
13091
13101
13107
13117
13127
13136
13146
13154
13160
13161
13166
13174
13183
13184
13191
13196
13200
13207
13214
13218
13226
13233
13238
13242
13245
13252
13262
13264
13268
13272
13275
13282
13291
13297
13304
13307
13317
13318
13327
13337
13341
13345
13350
13353
13362
13363
13367
13374
13377
13386
13396
13399
13406
13413
13420
13424
13432
13437
13445
13453
13463
13467
13473
13476
13478
13480
13481
13484
13493
13499
13500
13501
13509
13510
13517
13521
13527
13528
13530
13538
13544
13552
13558
13563
13565
13572
13580
13590
13598
13602
13610
13613
13618
13623
13626
13635
13641
13646
13648
13653
13655
13664
13666
13668
13674
13683
13687
13691
13697
13703
13710
13714
13716
13718
13728
13737
13740
13750
13753
13755
13760
13764
13768
13777
13786
13796
13802
13805
13813
13816
13823
13826
13830
13840
13850
13854
13862
13864
13872
13874
13878
13882
13886
13890
13893
13896
13899
13903
13906
13914
13916
13923
13932
13935
13941
13946
13952
13960
13961
13969
13971
13972
13975
13982
13985
13989
13995
13999
14001
14005
14008
14010
14019
14026
14031
14035
14042
14047
14056
14057
14062
14064
14070
14073
14076
14083
14089
14097
14103
14107
14117
14122
14132
14142
14150
14157
14165
14167
14170
14176
14178
14184
14192
14194
14199
14207
14212
14219
14225
14231
14232
14242
14245
14255
14257
14260
14263
14273
14281
14289
14296
14301
14305
14309
14314
14319
14321
14325
14326
14330
14331
14339
14341
14343
14349
14356
14357
14364
14367
14377
14379
14386
14388
14389
14398
14399
14408
14414
14421
14424
14432
14441
14445
14446
14447
14452
14458
14466
14473
14479
14486
14493
14497
14499
14501
14503
14513
14518
14526
14534
14539
14541
14546
14551
14556
14563
14572
14573
14576
14581
14583
14588
14589
14593
14597
14601
14606
14607
14609
14613
14617
14621
14623
14629
14631
14632
14642
14643
14644
14652
14661
14662
14672
14681
14684
14692
14693
14694
14697
14707
14710
14716
14725
14733
14737
14747
14756
14766
14768
14774
14784
14789
14793
14797
14801
14806
14808
14813
14821
14828
14838
14840
14841
14846
14852
14860
14861
14868
14870
14871
14879
14889
14892
14895
14898
14907
14909
14917
14925
14927
14929
14934
14939
14949
14950
14959
14963
14966
14968
14977
14985
14987
14993
15002
15003
15013
15018
15024
15028
15032
15041
15051
15056
15058
15067
15072
15079
15089
15099
15100
15108
15117
15126
15132
15134
15139
15148
15149
15157
15161
15162
15163
15173
15179
15180
15189
15190
15196
15198
15204
15207
15217
15219
15220
15227
15230
15234
15241
15245
15250
15259
15263
15264
15268
15271
15277
15279
15288
15290
15298
15299
15303
15304
15313
15316
15318
15319
15326
15336
15337
15343
15348
15352
15360
15363
15368
15369
15374
15377
15380
15381
15391
15397
15399
15402
15411
15414
15416
15420
15429
15439
15443
15451
15452
15459
15467
15470
15473
15477
15487
15491
15501
15503
15505
15512
15520
15527
15534
15537
15541
15550
15556
15561
15568
15576
15580
15589
15595
15604
15613
15621
15631
15633
15639
15643
15649
15659
15664
15666
15672
15673
15676
15680
15686
15695
15703
15712
15719
15722
15731
15738
15741
15744
15750
15754
15763
15769
15779
15786
15796
15800
15809
15814
15819
15824
15831
15832
15834
15839
15845
15855
15859
15861
15871
15881
15884
15887
15895
15903
15913
15918
15922
15930
15940
15949
15952
15956
15962
15966
15975
15983
15988
15989
15995
16000
16010
16012
16017
16026
16030
16034
16036
16042
16050
16060
16063
16067
16074
16075
16079
16084
16087
16091
16095
16098
16103
16110
16111
16115
16120
16123
16132
16139
16145
16147
16156
16165
16172
16180
16184
16192
16197
16203
16213
16220
16224
16225
16235
16241
16244
16249
16255
16258
16268
16274
16281
16289
16294
16303
16311
16317
16326
16329
16332
16338
16339
16340
16349
16357
16361
16367
16372
16382
16391
16399
16406
16412
16418
16423
16429
16430
16438
16442
16446
16447
16452
16457
16463
16468
16473
16483
16490
16498
16501
16503
16507
16511
16517
16519
16525
16530
16540
16550
16553
16557
16565
16573
16576
16583
16588
16597
16607
16608
16618
16627
16631
16640
16647
16649
16659
16661
16666
16672
16682
16687
16690
16691
16694
16701
16710
16711
16714
16716
16719
16725
16728
16734
16740
16741
16747
16753
16763
16765
16774
16777
16778
16781
16782
16783
16790
16799
16804
16805
16808
16813
16820
16827
16831
16833
16834
16841
16843
16847
16849
16854
16855
16859
16861
16864
16871
16872
16874
16877
16878
16885
16886
16892
16893
16903
16909
16912
16914
16916
16921
16931
16934
16941
16950
16958
16966
16975
16978
16980
16990
16991
16996
16998
16999
17003
17008
17017
17018
17026
17034
17041
17042
17045
17049
17055
17062
17067
17075
17078
17080
17082
17089
17093
17095
17100
17107
17109
17113
17114
17116
17123
17133
17138
17147
17154
17161
17169
17173
17174
17179
17182
17185
17193
17195
17201
17204
17211
17219
17224
17230
17239
17249
17254
17260
17262
17268
17274
17277
17278
17280
17288
17298
17307
17310
17318
17327
17330
17338
17345
17346
17350
17353
17356
17361
17365
17368
17376
17383
17384
17389
17395
17396
17403
17407
17414
17424
17433
17439
17445
17448
17454
17460
17463
17464
17467
17471
17473
17474
17476
17485
17493
17497
17503
17512
17522
17530
17539
17549
17552
17562
17568
17577
17579
17585
17592
17602
17603
17611
17612
17619
17629
17634
17637
17644
17652
17657
17666
17672
17677
17684
17691
17700
17709
17714
17719
17725
17730
17739
17745
17752
17755
17760
17767
17768
17778
17787
17795
17797
17800
17804
17807
17809
17810
17816
17819
17824
17825
17829
17834
17844
17849
17859
17869
17875
17883
17890
17893
17900
17906
17913
17917
17927
17934
17938
17940
17945
17951
17958
17963
17970
17976
17983
17988
17998
18000
18006
18014
18016
18019
18029
18036
18039
18046
18053
18054
18063
18065
18071
18080
18084
18085
18088
18096
18097
18100
18107
18115
18120
18129
18134
18138
18144
18148
18153
18157
18159
18165
18169
18173
18175
18178
18186
18193
18203
18209
18212
18220
18224
18234
18238
18247
18256
18263
18273
18274
18279
18289
18299
18308
18313
18319
18325
18329
18338
18348
18352
18362
18363
18367
18376
18384
18390
18400
18403
18412
18414
18419
18428
18430
18438
18441
18447
18450
18459
18462
18466
18471
18473
18479
18480
18488
18495
18504
18508
18509
18512
18515
18516
18522
18530
18536
18540
18541
18547
18550
18553
18555
18564
18573
18579
18587
18590
18596
18598
18605
18608
18615
18618
18628
18632
18638
18643
18649
18656
18657
18665
18672
18681
18683
18687
18692
18697
18702
18705
18713
18723
18727
18735
18737
18744
18745
18747
18751
18754
18762
18764
18765
18775
18776
18782
18790
18791
18797
18804
18812
18820
18826
18828
18838
18847
18854
18856
18866
18876
18886
18895
18900
18907
18916
18920
18927
18934
18935
18945
18951
18958
18960
18970
18979
18987
18990
18995
19001
19011
19020
19021
19022
19027
19037
19041
19050
19057
19058
19064
19066
19072
19079
19087
19089
19093
19098
19102
19105
19113
19122
19124
19131
19133
19136
19146
19152
19156
19159
19161
19167
19173
19177
19185
19189
19190
19199
19206
19215
19220
19224
19233
19243
19245
19255
19261
19263
19270
19279
19286
19293
19295
19305
19308
19316
19317
19320
19330
19340
19344
19353
19361
19370
19371
19377
19385
19393
19403
19411
19420
19427
19435
19441
19446
19448
19451
19453
19456
19457
19462
19470
19477
19484
19491
19492
19501
19508
19511
19521
19531
19536
19537
19543
19548
19550
19559
19565
19567
19574
19581
19590
19599
19605
19613
19622
19628
19636
19644
19648
19649
19655
19659
19663
19670
19675
19679
19688
19695
19701
19707
19712
19720
19725
19726
19729
19735
19741
19743
19752
19759
19764
19769
19775
19777
19782
19790
19795
19802
19811
19821
19829
19833
19839
19849
19858
19864
19869
19874
19875
19881
19883
19890
19894
19903
19913
19914
19921
19931
19936
19946
19956
19962
19971
19980
19988
19997
20006
20009
20015
20019
20027
20034
20038
20044
20048
20056
20065
20068
20075
20085
20090
20099
20108
20111
20117
20121
20130
20132
20142
20147
20157
20162
20166
20172
20174
20176
20178
20187
20194
20197
20207
20213
20214
20216
20218
20228
20234
20235
20242
20246
20248
20256
20259
20264
20274
20276
20278
20282
20289
20297
20300
20309
20312
20317
20318
20323
20330
20334
20336
20337
20343
20349
20356
20358
20365
20371
20380
20386
20390
20393
20398
20404
20412
20421
20430
20434
20439
20444
20452
20459
20469
20470
20471
20475
20479
20485
20492
20500
20502
20508
20511
20521
20527
20531
20532
20539
20545
20555
20564
20569
20577
20578
20580
20581
20588
20593
20601
20604
20608
20616
20624
20633
20636
20639
20647
20656
20662
20670
20676
20680
20685
20687
20692
20695
20698
20700
20704
20710
20716
20720
20725
20730
20735
20745
20750
20752
20760
20767
20768
20775
20781
20789
20794
20803
20808
20815
20821
20823
20832
20841
20845
20850
20856
20862
20870
20875
20885
20886
20895
20905
20907
20908
20914
20921
20927
20937
20945
20951
20952
20953
20955
20963
20972
20976
20977
20980
20990
20991
20998
21008
21010
21019
21024
21027
21037
21040
21048
21051
21058
21064
21068
21076
21082
21088
21089
21090
21098
21099
21105
21111
21120
21121
21123
21130
21140
21142
21149
21155
21158
21161
21171
21174
21178
21179
21187
21188
21198
21206
21208
21215
21221
21223
21233
21237
21243
21251
21257
21260
21270
21278
21282
21286
21295
21296
21304
21307
21308
21310
21311
21315
21325
21329
21338
21339
21340
21343
21348
21349
21358
21359
21368
21369
21375
21379
21381
21382
21388
21395
21402
21403
21406
21411
21417
21420
21421
21430
21434
21440
21442
21445
21449
21452
21457
21459
21462
21469
21472
21481
21482
21492
21502
21507
21508
21512
21518
21525
21527
21532
21536
21544
21550
21560
21563
21570
21579
21586
21594
21600
21605
21615
21624
21627
21632
21634
21643
21649
21659
21669
21670
21678
21686
21690
21695
21698
21699
21703
21711
21713
21723
21731
21734
21744
21749
21753
21755
21762
21767
21770
21774
21775
21780
21782
21791
21793
21802
21808
21810
21812
21818
21826
21834
21840
21849
21850
21857
21858
21863
21869
21876
21884
21888
21898
21907
21910
21916
21919
21926
21935
21944
21946
21954
21963
21967
21970
21979
21983
21993
22002
22007
22012
22015
22025
22031
22038
22041
22045
22047
22056
22062
22067
22074
22083
22090
22098
22108
22115
22118
22120
22121
22127
22137
22140
22144
22149
22159
22166
22168
22177
22187
22188
22193
22197
22202
22203
22209
22217
22225
22232
22241
22247
22257
22262
22271
22277
22281
22288
22298
22303
22310
22316
22317
22318
22321
22327
22333
22340
22341
22342
22352
22359
22363
22373
22374
22378
22383
22388
22391
22400
22401
22410
22417
22425
22435
22436
22440
22448
22452
22460
22470
22480
22484
22491
22497
22501
22503
22508
22514
22520
22524
22530
22533
22536
22537
22545
22546
22554
22558
22559
22564
22567
22573
22580
22584
22588
22598
22600
22608
22610
22616
22624
22625
22629
22631
22635
22636
22640
22650
22652
22658
22661
22669
22670
22680
22687
22691
22695
22698
22705
22711
22716
22722
22726
22731
22739
22746
22751
22760
22770
22775
22783
22789
22794
22796
22806
22807
22816
22820
22824
22833
22842
22848
22857
22866
22868
22871
22875
22885
22891
22897
22906
22912
22913
22918
22922
22925
22928
22938
22939
22941
22948
22952
22959
22965
22972
22979
22986
22995
23002
23005
23008
23015
23023
23025
23031
23038
23045
23050
23054
23057
23062
23070
23077
23084
23087
23091
23098
23106
23113
23120
23128
23135
23141
23144
23150
23157
23165
23172
23178
23188
23198
23200
23206
23209
23214
23222
23223
23233
23243
23253
23257
23264
23266
23269
23273
23279
23287
23290
23291
23297
23300
23301
23302
23305
23314
23323
23332
23340
23342
23346
23350
23359
23362
23365
23368
23376
23383
23393
23399
23406
23415
23425
23428
23433
23441
23445
23451
23461
23469
23479
23489
23499
23507
23509
23517
23522
23526
23531
23537
23543
23552
23561
23570
23574
23576
23585
23586
23590
23599
23600
23607
23611
23618
23627
23628
23636
23645
23647
23657
23662
23663
23669
23676
23677
23686
23695
23701
23702
23705
23714
23717
23727
23737
23743
23747
23752
23757
23763
23766
23775
23780
23790
23800
23805
23814
23823
23829
23837
23839
23846
23854
23861
23865
23873
23878
23884
23890
23893
23896
23904
23909
23919
23925
23934
23943
23945
23952
23960
23969
23977
23982
23984
23987
23996
24003
24009
24012
24018
24021
24030
24039
24049
24050
24053
24060
24064
24069
24071
24079
24087
24093
24096
24105
24111
24118
24128
24138
24148
24153
24160
24168
24171
24172
24178
24184
24186
24188
24198
24205
24208
24218
24221
24231
24235
24240
24244
24254
24264
24270
24279
24287
24297
24301
24303
24305
24314
24319
24325
24332
24338
24342
24350
24355
24360
24365
24369
24370
24380
24381
24386
24389
24394
24403
24404
24409
24418
24428
24435
24440
24445
24455
24458
24467
24476
24479
24486
24494
24504
24512
24520
24522
24530
24534
24540
24541
24551
24556
24560
24561
24565
24571
24576
24586
24594
24600
24603
24610
24618
24625
24628
24630
24636
24644
24654
24663
24670
24672
24682
24683
24689
24694
24703
24708
24715
24718
24720
24727
24735
24744
24750
24754
24761
24763
24767
24775
24785
24794
24804
24805
24815
24816
24820
24827
24829
24839
24845
24855
24860
24869
24875
24882
24886
24894
24895
24905
24911
24917
24924
24933
24934
24942
24951
24959
24961
24971
24973
24983
24986
24989
24993
25003
25008
25013
25023
25032
25036
25043
25046
25055
25063
25069
25071
25073
25075
25078
25080
25090
25094
25099
25107
25116
25121
25131
25136
25145
25150
25153
25157
25159
25162
25168
25173
25175
25177
25178
25181
25190
25194
25201
25211
25214
25224
25226
25230
25236
25237
25242
25252
25257
25260
25266
25275
25284
25289
25299
25306
25308
25311
25317
25325
25333
25341
25344
25354
25361
25363
25368
25376
25385
25386
25388
25391
25395
25402
25412
25415
25417
25426
25427
25430
25440
25450
25460
25465
25471
25481
25490
25497
25501
25502
25505
25507
25508
25517
25527
25531
25534
25541
25542
25552
25555
25562
25563
25567
25570
25578
25586
25595
25599
25609
25612
25622
25624
25629
25638
25644
25652
25653
25658
25660
25663
25673
25674
25675
25681
25685
25695
25697
25698
25706
25716
25722
25723
25726
25729
25739
25743
25746
25756
25761
25763
25771
25779
25782
25788
25796
25797
25798
25802
25810
25815
25822
25828
25833
25837
25847
25848
25853
25857
25866
25872
25877
25881
25890
25892
25897
25902
25912
25916
25923
25925
25928
25932
25938
25939
25942
25947
25953
25960
25966
25968
25972
25973
25982
25989
25996
26004
26005
26010
26016
26022
26027
26034
26040
26041
26043
26044
26049
26054
26061
26070
26073
26082
26090
26091
26093
26096
26103
26104
26111
26121
26124
26133
26141
26145
26150
26154
26155
26156
26158
26159
26165
26169
26170
26179
26183
26187
26191
26201
26207
26211
26216
26222
26230
26232
26240
26245
26249
26254
26258
26266
26273
26282
26284
26285
26288
26295
26302
26304
26309
26310
26318
26326
26330
26340
26349
26354
26363
26367
26372
26375
26385
26389
26398
26400
26407
26409
26418
26425
26432
26433
26442
26450
26460
26466
26472
26473
26475
26477
26479
26489
26499
26509
26511
26517
26527
26537
26543
26550
26558
26559
26563
26566
26576
26583
26586
26590
26596
26597
26604
26610
26616
26617
26622
26628
26637
26641
26647
26653
26657
26665
26675
26681
26682
26687
26688
26695
26696
26700
26710
26717
26719
26726
26729
26739
26747
26756
26766
26776
26779
26789
26794
26797
26805
26810
26815
26818
26827
26831
26833
26841
26844
26846
26850
26855
26858
26867
26873
26876
26883
26886
26892
26897
26906
26915
26923
26926
26929
26934
26939
26947
26952
26960
26963
26968
26974
26977
26985
26993
26994
27002
27008
27011
27019
27025
27031
27036
27039
27049
27056
27065
27067
27071
27073
27075
27084
27087
27093
27103
27112
27116
27122
27130
27139
27149
27152
27160
27162
27170
27179
27184
27187
27192
27199
27202
27208
27214
27223
27227
27233
27241
27251
27253
27263
27269
27279
27286
27294
27296
27299
27303
27311
27321
27325
27330
27334
27339
27345
27354
27355
27361
27366
27368
27372
27378
27381
27384
27391
27396
27399
27406
27407
27408
27416
27426
27430
27433
27439
27448
27453
27457
27461
27471
27481
27488
27495
27499
27509
27516
27519
27525
27533
27536
27546
27555
27563
27570
27578
27582
27586
27590
27597
27604
27610
27611
27619
27624
27633
27636
27642
27648
27655
27663
27668
27670
27672
27673
27683
27687
27694
27699
27707
27711
27715
27719
27722
27730
27733
27739
27745
27746
27751
27756
27760
27766
27775
27785
27788
27790
27791
27797
27801
27803
27808
27816
27820
27823
27829
27830
27833
27842
27852
27853
27854
27856
27865
27866
27867
27875
27877
27881
27889
27892
27899
27901
27902
27904
27912
27919
27922
27929
27935
27940
27944
27950
27957
27962
27972
27979
27985
27994
28000
28007
28011
28018
28019
28024
28026
28030
28037
28044
28045
28055
28056
28062
28064
28068
28075
28082
28085
28092
28102
28106
28109
28114
28124
28132
28142
28148
28149
28154
28158
28168
28177
28180
28185
28191
28196
28198
28205
28212
28219
28220
28222
28228
28235
28241
28245
28253
28255
28261
28266
28269
28277
28286
28290
28296
28298
28299
28302
28310
28317
28323
28333
28336
28343
28348
28357
28364
28370
28373
28379
28386
28396
28403
28408
28412
28420
28426
28431
28433
28438
28440
28442
28449
28453
28461
28468
28472
28481
28484
28487
28495
28499
28500
28507
28511
28517
28521
28526
28529
28533
28537
28542
28546
28548
28550
28557
28563
28569
28577
28584
28593
28594
28603
28612
28615
28621
28629
28632
28640
28641
28646
28654
28659
28669
28677
28684
28693
28700
28701
28705
28706
28714
28716
28721
28725
28726
28735
28745
28750
28756
28760
28766
28772
28777
28786
28795
28804
28807
28809
28816
28823
28831
28832
28839
28842
28850
28856
28865
28867
28871
28881
28884
28885
28894
28900
28908
28912
28919
28922
28930
28934
28941
28944
28954
28959
28969
28976
28980
28987
28989
28995
28999
29001
29011
29016
29019
29026
29028
29032
29042
29043
29051
29054
29058
29065
29073
29075
29079
29087
29094
29097
29098
29101
29108
29117
29124
29128
29132
29141
29146
29150
29156
29160
29167
29177
29183
29190
29192
29197
29205
29213
29221
29226
29227
29229
29230
29234
29242
29252
29261
29264
29268
29270
29274
29276
29281
29285
29289
29293
29295
29299
29305
29310
29319
29327
29330
29335
29345
29352
29353
29355
29363
29370
29371
29379
29382
29389
29395
29397
29403
29406
29414
29422
29432
29434
29439
29446
29456
29458
29466
29471
29473
29476
29483
29493
29495
29497
29507
29512
29522
29531
29539
29542
29544
29554
29561
29565
29566
29571
29577
29578
29586
29590
29595
29601
29608
29611
29616
29624
29627
29629
29631
29639
29649
29655
29662
29663
29668
29674
29681
29683
29687
29694
29704
29711
29721
29724
29725
29735
29739
29740
29742
29746
29748
29757
29761
29766
29775
29779
29783
29785
29787
29788
29798
29803
29809
29816
29820
29830
29833
29836
29842
29843
29847
29855
29858
29862
29871
29876
29880
29886
29891
29896
29897
29900
29903
29910
29912
29921
29929
29938
29943
29951
29961
29971
29980
29983
29989
29990
29996
30005
30012
30014
30019
30027
30032
30033
30036
30043
30047
30055
30056
30066
30076
30078
30088
30095
30104
30110
30117
30121
30128
30137
30140
30150
30154
30160
30167
30170
30174
30177
30186
30192
30200
30206
30215
30222
30227
30235
30243
30251
30252
30262
30268
30272
30277
30279
30287
30292
30293
30300
30302
30307
30308
30310
30320
30329
30334
30338
30346
30353
30360
30369
30376
30380
30388
30397
30400
30405
30408
30418
30422
30426
30434
30441
30446
30450
30455
30464
30471
30480
30487
30496
30497
30499
30506
30512
30513
30522
30524
30533
30538
30539
30547
30551
30552
30556
30565
30566
30568
30577
30584
30592
30597
30601
30605
30613
30622
30625
30631
30632
30639
30647
30651
30653
30659
30660
30664
30668
30670
30680
30682
30691
30701
30702
30707
30717
30722
30731
30736
30744
30753
30758
30765
30770
30779
30784
30791
30794
30800
30804
30810
30811
30815
30823
30830
30831
30841
30851
30852
30857
30858
30868
30871
30880
30883
30887
30897
30905
30914
30915
30922
30931
30933
30934
30935
30936
30939
30942
30947
30956
30964
30972
30979
30984
30993
30997
31006
31012
31019
31029
31037
31043
31047
31050
31051
31061
31071
31076
31078
31080
31081
31087
31092
31098
31107
31111
31112
31118
31127
31134
31140
31145
31154
31163
31173
31183
31189
31198
31204
31209
31213
31217
31225
31226
31234
31236
31240
31246
31256
31261
31263
31269
31274
31282
31291
31298
31304
31308
31313
31317
31321
31325
31334
31335
31339
31344
31346
31356
31359
31369
31378
31385
31391
31397
31403
31410
31412
31416
31421
31422
31429
31433
31437
31438
31441
31443
31453
31462
31466
31475
31477
31479
31481
31491
31494
31500
31504
31507
31517
31525
31529
31532
31533
31540
31547
31554
31560
31561
31569
31576
31580
31590
31594
31603
31605
31613
31616
31617
31624
31633
31639
31642
31651
31653
31658
31664
31674
31677
31683
31687
31693
31698
31707
31710
31712
31716
31724
31728
31732
31739
31741
31747
31753
31760
31761
31762
31770
31778
31781
31790
31793
31798
31803
31810
31817
31826
31835
31845
31855
31863
31869
31874
31881
31884
31889
31895
31901
31911
31913
31920
31924
31932
31936
31937
31940
31945
31955
31957
31964
31969
31970
31975
31983
31989
31992
31996
32005
32007
32011
32014
32023
32031
32038
32048
32056
32059
32060
32068
32070
32079
32086
32093
32098
32104
32105
32108
32111
32119
32127
32129
32133
32141
32147
32154
32157
32158
32167
32175
32182
32191
32200
32203
32207
32214
32215
32217
32221
32225
32226
32229
32230
32238
32244
32252
32257
32265
32269
32272
32281
32284
32293
32297
32306
32309
32311
32315
32325
32328
32331
32340
32350
32356
32361
32366
32367
32370
32376
32385
32393
32399
32405
32409
32418
32425
32435
32444
32445
32453
32455
32457
32464
32470
32476
32481
32486
32487
32497
32504
32507
32511
32521
32531
32534
32544
32547
32552
32558
32568
32570
32576
32586
32592
32602
32610
32613
32615
32619
32622
32632
32638
32641
32649
32656
32657
32663
32665
32675
32685
32692
32693
32700
32708
32712
32716
32717
32722
32723
32727
32732
32737
32738
32742
32744
32750
32759
32766
32769
32778
32788
32791
32797
32803
32805
32814
32818
32822
32827
32834
32835
32839
32840
32845
32848
32854
32862
32867
32872
32882
32883
32889
32895
32902
32905
32912
32915
32918
32925
32930
32940
32946
32953
32963
32965
32966
32973
32977
32985
32992
32995
33002
33005
33011
33021
33029
33031
33033
33038
33046
33047
33051
33056
33058
33068
33075
33079
33086
33090
33096
33098
33108
33114
33118
33121
33126
33131
33136
33141
33144
33152
33157
33160
33165
33170
33179
33186
33192
33195
33200
33205
33211
33219
33226
33236
33237
33241
33242
33243
33253
33256
33260
33264
33270
33276
33282
33291
33294
33298
33304
33309
33313
33315
33319
33325
33334
33342
33345
33347
33352
33359
33364
33370
33373
33378
33388
33396
33402
33408
33409
33411
33413
33414
33424
33427
33432
33434
33441
33447
33454
33461
33464
33470
33471
33474
33482
33492
33499
33504
33507
33508
33516
33518
33528
33531
33533
33537
33540
33542
33545
33550
33552
33555
33561
33569
33572
33582
33583
33585
33588
33592
33597
33600
33609
33614
33619
33622
33623
33626
33636
33645
33649
33652
33654
33660
33664
33673
33679
33684
33685
33692
33697
33699
33700
33706
33709
33713
33723
33730
33731
33732
33740
33750
33758
33761
33768
33772
33777
33787
33794
33800
33802
33809
33819
33823
33829
33838
33840
33845
33852
33855
33858
33860
33864
33867
33871
33879
33882
33884
33888
33898
33902
33908
33918
33926
33935
33941
33942
33945
33947
33956
33961
33966
33969
33974
33977
33980
33985
33991
33996
34000
34002
34011
34018
34028
34029
34033
34040
34050
34055
34056
34065
34068
34074
34075
34077
34085
34091
34096
34104
34113
34123
34130
34133
34142
34148
34152
34161
34171
34177
34187
34188
34193
34202
34203
34210
34215
34223
34232
34236
34244
34252
34255
34256
34258
34266
34276
34284
34290
34294
34296
34305
34307
34317
34324
34328
34333
34334
34335
34343
34352
34354
34355
34356
34358
34365
34372
34373
34376
34382
34383
34392
34402
34409
34418
34422
34430
34431
34433
34436
34443
34453
34463
34464
34466
34470
34480
34485
34487
34494
34504
34508
34515
34522
34531
34536
34537
34545
34551
34555
34560
34570
34580
34588
34594
34602
34606
34612
34618
34628
34634
34636
34645
34651
34656
34665
34669
34670
34675
34685
34693
34700
34708
34717
34720
34728
34731
34736
34739
34748
34755
34757
34759
34764
34770
34771
34779
34787
34797
34801
34803
34806
34816
34826
34829
34831
34837
34839
34840
34850
34857
34866
34876
34882
34889
34893
34899
34901
34903
34910
34918
34923
34926
34931
34936
34938
34943
34953
34954
34959
34966
34974
34978
34984
34993
34998
35007
35017
35018
35026
35028
35034
35036
35037
35045
35051
35058
35063
35066
35072
35079
35087
35092
35094
35095
35099
35108
35115
35120
35127
35131
35132
35133
35136
35138
35145
35148
35158
35165
35175
35181
35189
35192
35200
35202
35208
35216
35222
35229
35232
35237
35245
35254
35264
35270
35271
35272
35280
35287
35288
35296
35303
35304
35308
35317
35322
35325
35328
35334
35342
35348
35355
35364
35365
35373
35378
35388
35398
35405
35407
35410
35413
35420
35424
35429
35438
35441
35443
35445
35447
35448
35458
35461
35462
35472
35480
35485
35493
35497
35502
35512
35515
35524
35531
35539
35540
35545
35554
35556
35563
35570
35578
35584
35587
35594
35597
35606
35613
35614
35623
35627
35632
35638
35640
35649
35659
35665
35669
35676
35682
35684
35689
35693
35700
35706
35715
35718
35722
35730
35736
35741
35748
35754
35758
35766
35771
35776
35777
35781
35786
35796
35798
35807
35809
35816
35817
35823
35824
35832
35834
35842
35847
35852
35855
35858
35862
35872
35881
35889
35899
35908
35912
35914
35918
35919
35927
35934
35936
35939
35940
35941
35942
35950
35954
35955
35956
35959
35968
35975
35978
35984
35987
35994
36001
36005
36007
36014
36017
36022
36023
36031
36039
36042
36049
36052
36061
36068
36070
36071
36080
36087
36094
36097
36100
36105
36113
36123
36133
36134
36138
36140
36149
36156
36160
36170
36180
36183
36190
36199
36205
36207
36212
36213
36218
36227
36233
36239
36247
36254
36258
36262
36272
36278
36285
36294
36296
36297
36300
36306
36311
36319
36328
36330
36339
36348
36358
36366
36375
36376
36381
36387
36393
36395
36396
36397
36402
36405
36406
36410
36420
36422
36432
36433
36442
36449
36451
36457
36467
36468
36474
36484
36491
36498
36505
36510
36518
36527
36528
36538
36543
36552
36558
36559
36569
36579
36589
36599
36603
36612
36614
36624
36632
36637
36639
36640
36648
36657
36665
36668
36670
36673
36681
36686
36688
36693
36701
36711
36720
36723
36727
36736
36744
36749
36750
36758
36766
36772
36777
36785
36786
36794
36804
36810
36813
36815
36823
36824
36830
36833
36835
36844
36846
36848
36855
36858
36862
36867
36873
36874
36878
36884
36892
36902
36906
36909
36914
36918
36925
36927
36930
36936
36942
36949
36957
36964
36970
36972
36982
36985
36992
36999
37003
37008
37009
37014
37016
37026
37032
37041
37042
37045
37047
37052
37054
37061
37070
37074
37077
37083
37090
37096
37101
37111
37115
37124
37127
37136
37137
37139
37146
37152
37161
37169
37175
37184
37187
37194
37196
37204
37214
37216
37226
37235
37239
37248
37253
37258
37268
37270
37280
37289
37293
37297
37306
37309
37311
37315
37316
37320
37326
37331
37339
37346
37355
37357
37359
37361
37369
37371
37378
37379
37387
37391
37401
37406
37408
37416
37425
37429
37432
37437
37442
37448
37453
37459
37463
37465
37466
37475
37483
37493
37500
37501
37505
37509
37516
37524
37534
37542
37546
37550
37558
37564
37571
37576
37579
37584
37585
37592
37595
37601
37609
37618
37623
37630
37636
37640
37641
37647
37650
37654
37663
37667
37670
37677
37682
37692
37696
37706
37714
37722
37725
37734
37737
37743
37747
37756
37761
37764
37773
37775
37783
37789
37792
37794
37798
37803
37807
37811
37817
37821
37827
37828
37835
37842
37850
37851
37855
37860
37861
37868
37871
37878
37888
37896
37903
37906
37914
37922
37926
37930
37935
37940
37941
37942
37947
37948
37950
37952
37960
37966
37970
37978
37986
37994
37995
38005
38008
38012
38016
38021
38023
38030
38038
38040
38041
38042
38049
38051
38061
38068
38076
38079
38086
38090
38100
38102
38108
38110
38120
38128
38129
38130
38133
38141
38144
38152
38159
38167
38175
38182
38186
38195
38200
38204
38207
38214
38217
38222
38223
38229
38233
38236
38241
38250
38260
38268
38274
38283
38286
38293
38298
38307
38314
38321
38330
38333
38339
38344
38347
38357
38360
38363
38368
38373
38381
38390
38394
38402
38405
38409
38416
38423
38424
38430
38438
38447
38449
38452
38461
38470
38478
38488
38497
38501
38511
38515
38516
38524
38531
38535
38544
38548
38554
38555
38557
38563
38564
38571
38576
38583
38592
38602
38609
38614
38623
38633
38634
38643
38653
38656
38662
38665
38668
38671
38675
38679
38686
38691
38692
38701
38704
38713
38723
38727
38737
38744
38750
38758
38764
38772
38773
38779
38788
38793
38801
38808
38812
38821
38827
38835
38840
38848
38856
38863
38869
38875
38885
38893
38902
38906
38910
38917
38923
38932
38936
38940
38941
38942
38950
38955
38959
38969
38978
38984
38986
38989
38996
39005
39007
39008
39009
39011
39019
39029
39036
39043
39053
39062
39071
39073
39075
39084
39089
39098
39099
39108
39115
39124
39128
39137
39140
39144
39152
39154
39164
39171
39172
39173
39182
39189
39192
39197
39202
39204
39211
39219
39220
39226
39229
39239
39246
39253
39260
39265
39273
39275
39280
39281
39286
39287
39292
39301
39310
39311
39320
39321
39324
39333
39335
39343
39345
39347
39351
39357
39365
39371
39373
39378
39379
39383
39386
39395
39404
39412
39415
39416
39426
39435
39437
39444
39447
39449
39455
39459
39468
39473
39474
39479
39487
39495
39496
39498
39505
39515
39523
39525
39533
39536
39543
39545
39552
39556
39557
39561
39563
39564
39570
39576
39578
39580
39589
39591
39596
39605
39608
39613
39621
39626
39630
39633
39641
39644
39649
39654
39657
39661
39668
39678
39688
39696
39701
39702
39707
39711
39721
39731
39733
39734
39736
39741
39746
39750
39754
39762
39770
39772
39781
39786
39794
39801
39804
39812
39814
39822
39829
39837
39842
39849
39854
39858
39863
39871
39873
39882
39890
39894
39902
39904
39906
39908
39914
39918
39922
39925
39933
39941
39945
39948
39954
39962
39967
39977
39985
39994
39998
40001
40008
40012
40014
40024
40034
40036
40041
40043
40046
40056
40060
40068
40076
40080
40084
40085
40093
40098
40105
40113
40120
40122
40127
40132
40137
40138
40140
40142
40149
40157
40159
40166
40168
40169
40171
40173
40177
40181
40190
40200
40205
40215
40224
40226
40233
40236
40241
40242
40251
40258
40262
40263
40264
40269
40270
40274
40275
40281
40290
40291
40300
40304
40311
40313
40323
40325
40334
40340
40344
40348
40356
40362
40366
40367
40368
40374
40377
40383
40391
40397
40403
40412
40420
40427
40433
40439
40445
40453
40458
40462
40466
40467
40469
40479
40484
40489
40496
40501
40503
40512
40515
40519
40528
40529
40539
40541
40549
40554
40558
40566
40575
40580
40581
40586
40591
40598
40608
40616
40626
40633
40635
40637
40645
40651
40655
40665
40669
40670
40676
40682
40688
40697
40699
40700
40704
40709
40714
40720
40721
40722
40723
40728
40736
40737
40743
40748
40751
40757
40763
40768
40778
40788
40798
40807
40808
40813
40814
40816
40822
40832
40836
40844
40846
40850
40852
40857
40865
40873
40878
40879
40886
40887
40890
40897
40899
40904
40909
40913
40914
40916
40920
40930
40938
40940
40941
40942
40950
40953
40960
40961
40970
40974
40979
40985
40995
41005
41006
41011
41012
41018
41027
41037
41040
41044
41054
41060
41067
41070
41077
41078
41081
41084
41091
41099
41104
41114
41120
41130
41134
41143
41148
41156
41161
41167
41175
41176
41180
41182
41185
41188
41194
41200
41204
41206
41214
41221
41231
41235
41240
41241
41246
41248
41250
41253
41261
41266
41269
41279
41289
41290
41296
41299
41303
41311
41317
41323
41329
41338
41348
41354
41364
41373
41376
41378
41385
41395
41399
41400
41405
41406
41409
41411
41421
41425
41427
41434
41439
41440
41448
41458
41459
41462
41465
41475
41482
41491
41498
41502
41507
41516
41520
41525
41531
41532
41541
41548
41558
41560
41561
41567
41577
41587
41590
41600
41603
41606
41611
41612
41613
41622
41625
41633
41640
41642
41643
41652
41657
41659
41664
41671
41673
41680
41684
41687
41696
41702
41707
41708
41712
41713
41719
41729
41736
41737
41745
41753
41756
41760
41770
41772
41780
41786
41787
41790
41796
41797
41805
41811
41817
41819
41826
41833
41835
41842
41848
41850
41859
41860
41865
41875
41881
41890
41898
41904
41909
41914
41923
41932
41942
41947
41953
41961
41967
41972
41979
41981
41987
41996
42002
42005
42015
42022
42029
42030
42039
42049
42050
42056
42058
42065
42070
42080
42083
42085
42094
42096
42103
42106
42112
42120
42125
42126
42135
42137
42144
42148
42149
42156
42161
42164
42165
42168
42172
42177
42179
42188
42197
42205
42209
42213
42223
42229
42230
42232
42239
42247
42251
42256
42257
42265
42268
42273
42281
42286
42287
42293
42303
42311
42314
42319
42328
42333
42341
42349
42351
42360
42370
42371
42373
42380
42389
42396
42399
42407
42412
42422
42432
42439
42442
42447
42450
42459
42460
42468
42471
42476
42482
42488
42497
42501
42507
42509
42516
42519
42528
42536
42539
42544
42549
42557
42565
42572
42581
42583
42584
42590
42591
42593
42596
42606
42613
42621
42628
42637
42646
42656
42659
42663
42670
42677
42685
42695
42696
42705
42712
42720
42725
42735
42738
42739
42744
42750
42760
42768
42770
42774
42783
42790
42798
42807
42814
42817
42819
42825
42834
42839
42844
42851
42852
42858
42862
42866
42869
42874
42880
42881
42886
42891
42893
42894
42900
42901
42906
42908
42916
42925
42928
42930
42940
42950
42957
42962
42968
42970
42977
42981
42982
42986
42987
42988
42992
43001
43006
43008
43013
43023
43031
43032
43042
43051
43054
43059
43062
43069
43070
43074
43079
43089
43096
43099
43107
43115
43123
43133
43138
43143
43145
43155
43158
43168
43173
43175
43176
43181
43188
43197
43203
43213
43223
43233
43239
43242
43246
43256
43258
43263
43269
43279
43282
43289
43292
43300
43301
43302
43306
43315
43319
43325
43330
43339
43343
43346
43356
43364
43366
43376
43381
43388
43393
43401
43411
43418
43425
43429
43439
43449
43459
43468
43473
43480
43484
43488
43495
43502
43506
43510
43516
43519
43526
43528
43538
43542
43547
43548
43555
43563
43570
43579
43588
43589
43597
43601
43605
43610
43612
43620
43628
43637
43643
43650
43659
43664
43670
43679
43680
43686
43695
43703
43709
43715
43719
43720
43729
43734
43739
43745
43754
43758
43765
43771
43777
43779
43783
43786
43790
43794
43801
43811
43812
43818
43828
43838
43845
43851
43860
43865
43871
43875
43882
43892
43895
43898
43906
43908
43914
43919
43926
43931
43935
43945
43950
43955
43958
43963
43964
43966
43967
43970
43973
43978
43985
43992
43999
44005
44012
44022
44025
44031
44035
44040
44041
44047
44054
44061
44071
44081
44087
44091
44093
44096
44103
44111
44117
44126
44127
44128
44138
44140
44148
44154
44159
44163
44167
44174
44177
44179
44183
44190
44193
44197
44205
44212
44218
44223
44231
44232
44234
44240
44249
44250
44255
44259
44269
44271
44275
44283
44285
44295
44300
44306
44314
44322
44330
44338
44339
44348
44350
44360
44370
44380
44384
44392
44399
44404
44414
44419
44429
44439
44445
44446
44451
44454
44458
44465
44473
44481
44484
44492
44493
44501
44506
44516
44522
44532
44539
44547
44550
44555
44560
44570
44572
44574
44581
44590
44599
44601
44607
44608
44616
44622
44632
44638
44642
44647
44649
44653
44661
44663
44673
44675
44684
44686
44696
44700
44710
44713
44719
44727
44730
44731
44738
44741
44743
44745
44750
44754
44761
44771
44778
44786
44795
44796
44804
44811
44817
44822
44826
44827
44830
44837
44838
44843
44847
44851
44858
44863
44869
44871
44875
44878
44884
44885
44891
44896
44905
44911
44919
44923
44929
44930
44933
44943
44946
44954
44958
44964
44965
44973
44978
44987
44996
45006
45011
45017
45019
45020
45023
45025
45029
45037
45047
45049
45059
45067
45074
45078
45087
45093
45094
45099
45101
45108
45113
45117
45125
45129
45137
45146
45156
45165
45166
45171
45177
45184
45190
45193
45194
45201
45202
45204
45210
45214
45215
45218
45219
45224
45232
45241
45248
45255
45265
45271
45279
45286
45291
45297
45298
45305
45313
45317
45319
45328
45334
45342
45351
45358
45365
45366
45370
45379
45386
45389
45393
45398
45401
45405
45412
45417
45425
45429
45435
45443
45444
45447
45450
45459
45466
45468
45472
45474
45478
45480
45490
45498
45507
45513
45517
45526
45535
45537
45544
45549
45559
45565
45570
45578
45579
45587
45594
45600
45609
45615
45621
45628
45629
45630
45639
45645
45647
45648
45651
45659
45664
45665
45673
45676
45681
45686
45689
45693
45697
45699
45702
45712
45713
45718
45721
45731
45737
45745
45749
45751
45755
45759
45769
45772
45775
45781
45791
45800
45803
45812
45817
45822
45828
45832
45841
45845
45849
45857
45863
45869
45874
45883
45889
45895
45904
45909
45917
45924
45931
45935
45944
45952
45959
45961
45967
45968
45971
45979
45982
45992
46002
46009
46011
46013
46014
46022
46031
46033
46040
46049
46050
46051
46055
46063
46065
46071
46075
46085
46095
46105
46106
46108
46115
46119
46120
46122
46126
46133
46135
46139
46143
46150
46153
46161
46169
46179
46187
46197
46201
46210
46220
46226
46230
46237
46244
46249
46250
46251
46256
46265
46267
46275
46283
46290
46296
46304
46310
46312
46321
46328
46338
46343
46348
46349
46359
46366
46372
46379
46389
46393
46400
46405
46408
46418
46419
46427
46429
46431
46438
46447
46455
46465
46468
46473
46479
46482
46489
46498
46502
46508
46515
46523
46530
46534
46542
46546
46548
46551
46561
46564
46574
46581
46589
46593
46597
46602
46608
46611
46612
46621
46629
46636
46637
46645
46649
46651
46659
46668
46674
46679
46687
46694
46703
46706
46713
46720
46730
46736
46740
46748
46752
46753
46756
46763
46764
46769
46775
46783
46787
46791
46793
46798
46805
46809
46819
46825
46830
46832
46833
46843
46847
46852
46857
46859
46868
46877
46882
46890
46899
46909
46911
46917
46927
46931
46941
46948
46954
46960
46968
46974
46975
46977
46979
46981
46985
46987
46994
47002
47006
47009
47018
47027
47035
47041
47050
47056
47060
47067
47071
47077
47080
47082
47088
47096
47101
47103
47112
47121
47127
47132
47134
47138
47142
47148
47158
47161
47163
47173
47182
47190
47198
47202
47209
47214
47215
47221
47228
47230
47240
47249
47257
47260
47265
47268
47277
47284
47287
47297
47301
47304
47308
47311
47312
47317
47318
47325
47334
47344
47345
47353
47362
47364
47374
47384
47392
47394
47396
47398
47401
47409
47415
47418
47421
47425
47428
47437
47442
47450
47459
47461
47465
47473
47476
47482
47487
47489
47498
47504
47508
47518
47526
47529
47534
47540
47542
47543
47552
47556
47559
47565
47571
47579
47583
47586
47587
47591
47596
47601
47605
47608
47614
47619
47626
47634
47636
47638
47648
47649
47652
47660
47666
47670
47675
47685
47687
47696
47701
47704
47706
47716
47726
47727
47737
47738
47743
47747
47754
47755
47757
47760
47769
47771
47779
47785
47787
47794
47798
47801
47806
47814
47818
47826
47836
47842
47847
47848
47849
47854
47860
47863
47872
47882
47891
47892
47895
47904
47912
47913
47923
47927
47932
47936
47944
47949
47955
47961
47968
47972
47978
47979
47987
47991
47992
47998
48002
48012
48016
48023
48031
48034
48042
48052
48062
48064
48071
48079
48089
48095
48096
48101
48110
48113
48117
48123
48133
48135
48138
48141
48142
48144
48152
48157
48161
48162
48172
48177
48187
48193
48203
48210
48219
48223
48224
48232
48241
48247
48253
48255
48256
48260
48265
48274
48284
48291
48301
48306
48316
48321
48328
48337
48339
48349
48356
48361
48364
48372
48374
48382
48383
48387
48395
48403
48410
48411
48414
48424
48425
48435
48444
48452
48455
48460
48463
48464
48472
48475
48483
48490
48496
48497
48499
48507
48514
48517
48524
48526
48529
48535
48542
48543
48552
48560
48561
48562
48570
48580
48588
48593
48602
48610
48619
48620
48630
48632
48635
48644
48646
48656
48659
48669
48678
48681
48690
48698
48702
48712
48714
48715
48723
48733
48735
48744
48750
48757
48759
48768
48776
48779
48789
48794
48801
48805
48814
48821
48827
48836
48846
48853
48862
48866
48875
48876
48885
48887
48889
48897
48905
48908
48917
48926
48928
48935
48945
48955
48956
48963
48970
48971
48980
48982
48987
48995
49000
49003
49004
49005
49008
49010
49011
49014
49022
49029
49030
49039
49044
49048
49057
49065
49071
49076
49083
49089
49090
49099
49106
49108
49114
49117
49126
49127
49134
49137
49140
49141
49142
49147
49148
49155
49158
49168
49174
49179
49189
49190
49191
49198
49208
49217
49219
49223
49228
49234
49237
49244
49251
49259
49264
49271
49278
49282
49283
49291
49292
49300
49303
49313
49314
49324
49328
49330
49331
49340
49350
49353
49363
49367
49375
49376
49384
49391
49397
49399
49405
49409
49413
49416
49417
49422
49424
49431
49437
49442
49448
49454
49461
49464
49470
49478
49483
49493
49503
49510
49513
49521
49529
49537
49546
49551
49561
49569
49579
49585
49587
49588
49590
49593
49596
49605
49615
49624
49629
49632
49633
49642
49652
49657
49658
49662
49663
49673
49677
49684
49687
49692
49698
49707
49710
49716
49723
49724
49731
49736
49741
49743
49748
49750
49756
49765
49770
49777
49787
49791
49794
49795
49805
49807
49817
49818
49820
49826
49831
49834
49839
49849
49856
49862
49866
49869
49877
49878
49887
49893
49903
49911
49913
49918
49927
49936
49946
49952
49962
49970
49976
49986
49996
49997
50003
50006
50016
50021
50027
50033
50043
50053
50054
50058
50063
50066
50072
50077
50086
50087
50088
50089
50097
50105
50107
50116
50126
50133
50141
50145
50148
50155
50162
50171
50181
50188
50189
50199
50206
50216
50220
50230
50237
50242
50243
50251
50255
50259
50267
50271
50281
50282
50290
50291
50297
50304
50310
50313
50321
50326
50332
50335
50337
50340
50346
50355
50358
50365
50367
50375
50381
50386
50393
50398
50408
50411
50414
50420
50425
50435
50436
50444
50449
50453
50463
50471
50473
50482
50486
50488
50491
50494
50500
50504
50511
50514
50517
50519
50528
50533
50543
50549
50558
50561
50566
50567
50576
50581
50587
50596
50602
50612
50613
50616
50618
50626
50629
50632
50636
50640
50647
50656
50659
50666
50669
50673
50681
50683
50686
50695
50701
50708
50709
50717
50722
50732
50740
50745
50746
50753
50754
50758
50762
50765
50771
50778
50784
50791
50799
50807
50817
50822
50826
50828
50836
50843
50850
50854
50855
50861
50865
50866
50874
50877
50885
50891
50897
50902
50907
50911
50913
50914
50919
50928
50938
50944
50945
50947
50955
50962
50964
50967
50971
50979
50986
50991
50996
51003
51009
51015
51022
51026
51027
51028
51029
51034
51036
51045
51050
51058
51063
51069
51077
51080
51081
51090
51095
51101
51104
51108
51109
51117
51127
51132
51133
51135
51136
51145
51151
51161
51167
51169
51176
51178
51184
51185
51191
51197
51198
51201
51204
51214
51220
51224
51226
51232
51239
51249
51256
51266
51267
51268
51277
51287
51288
51295
51299
51308
51314
51315
51316
51321
51326
51331
51332
51340
51343
51351
51360
51367
51375
51378
51379
51384
51390
51391
51399
51407
51415
51421
51427
51429
51431
51433
51436
51444
51453
51459
51464
51472
51478
51482
51491
51498
51507
51514
51517
51522
51527
51533
51535
51544
51547
51550
51553
51559
51560
51563
51565
51566
51572
51575
51582
51592
51599
51602
51608
51616
51621
51627
51628
51632
51635
51643
51652
51653
51656
51660
51661
51663
51673
51682
51686
51690
51696
51703
51706
51707
51709
51718
51722
51723
51731
51739
51749
51752
51757
51763
51767
51776
51783
51792
51793
51800
51810
51818
51821
51824
51832
51837
51840
51843
51844
51845
51849
51859
51860
51868
51870
51872
51875
51883
51885
51887
51890
51893
51902
51903
51910
51916
51921
51923
51933
51943
51952
51960
51964
51968
51970
51980
51990
51995
52003
52010
52013
52020
52030
52036
52041
52048
52056
52064
52074
52078
52085
52089
52092
52099
52105
52113
52122
52132
52141
52146
52153
52161
52166
52174
52182
52192
52200
52206
52211
52218
52228
52233
52235
52238
52240
52242
52247
52256
52262
52264
52272
52279
52281
52291
52293
52299
52303
52309
52315
52317
52321
52323
52329
52333
52338
52348
52354
52360
52365
52374
52384
52390
52400
52401
52403
52409
52413
52419
52423
52424
52431
52433
52441
52449
52454
52455
52458
52462
52470
52480
52487
52489
52499
52502
52506
52509
52519
52528
52530
52535
52539
52549
52555
52562
52571
52580
52583
52585
52589
52594
52595
52596
52602
52610
52615
52616
52618
52623
52630
52631
52637
52642
52649
52656
52663
52670
52672
52682
52685
52686
52693
52699
52700
52702
52708
52718
52722
52729
52737
52742
52749
52752
52756
52759
52764
52766
52774
52781
52783
52788
52791
52801
52802
52807
52813
52820
52826
52828
52834
52836
52839
52840
52848
52855
52861
52868
52869
52877
52887
52894
52902
52911
52921
52929
52932
52933
52937
52938
52945
52950
52959
52961
52966
52968
52972
52978
52984
52988
52990
52994
52997
52998
53001
53008
53011
53019
53028
53036
53043
53050
53056
53064
53073
53074
53076
53080
53085
53086
53088
53098
53101
53102
53111
53114
53123
53129
53136
53146
53152
53154
53162
53170
53178
53179
53183
53192
53194
53204
53211
53216
53219
53221
53225
53229
53236
53242
53247
53255
53258
53262
53270
53277
53282
53285
53291
53297
53302
53304
53313
53318
53320
53324
53333
53337
53347
53356
53357
53364
53366
53375
53377
53381
53389
53390
53397
53398
53408
53417
53418
53419
53425
53432
53436
53440
53449
53452
53455
53465
53466
53472
53481
53487
53497
53498
53500
53510
53516
53519
53526
53536
53542
53546
53555
53557
53567
53569
53577
53578
53588
53591
53594
53598
53605
53609
53618
53628
53637
53639
53649
53656
53659
53667
53668
53677
53683
53685
53695
53701
53706
53712
53715
53718
53722
53730
53737
53738
53744
53748
53751
53759
53767
53769
53773
53778
53780
53783
53792
53796
53804
53806
53816
53824
53833
53838
53844
53849
53856
53860
53864
53870
53872
53874
53882
53887
53888
53890
53896
53903
53907
53914
53924
53930
53935
53941
53946
53948
53957
53958
53959
53965
53972
53979
53986
53992
53994
54003
54013
54023
54030
54036
54045
54053
54055
54059
54065
54074
54076
54078
54086
54096
54103
54111
54117
54118
54127
54135
54141
54144
54153
54161
54167
54168
54170
54179
54186
54196
54199
54204
54213
54217
54224
54228
54229
54235
54239
54248
54254
54262
54264
54266
54275
54279
54288
54292
54301
54304
54314
54324
54334
54335
54342
54352
54358
54361
54366
54371
54377
54383
54390
54399
54402
54403
54406
54411
54412
54418
54421
54423
54430
54438
54439
54443
54450
54452
54460
54463
54469
54470
54478
54485
54494
54503
54505
54506
54514
54518
54528
54537
54539
54545
54555
54565
54567
54577
54580
54586
54594
54598
54601
54609
54619
54622
54630
54636
54639
54641
54645
54651
54660
54668
54677
54686
54693
54703
54712
54718
54725
54733
54735
54742
54744
54753
54762
54772
54782
54785
54792
54794
54801
54811
54820
54826
54828
54836
54839
54843
54850
54857
54865
54867
54877
54879
54887
54890
54892
54896
54905
54915
54921
54927
54933
54939
54945
54954
54961
54963
54971
54973
54978
54986
54993
54998
55006
55014
55020
55022
55029
55033
55036
55042
55045
55052
55058
55066
55075
55077
55082
55088
55089
55092
55098
55108
55109
55117
55122
55126
55132
55133
55135
55145
55146
55156
55162
55170
55174
55176
55177
55186
55188
55190
55198
55207
55211
55219
55222
55226
55232
55240
55250
55259
55268
55271
55281
55284
55289
55293
55298
55306
55308
55315
55316
55317
55320
55323
55325
55333
55343
55353
55356
55364
55365
55372
55376
55381
55384
55386
55390
55396
55402
55409
55410
55415
55418
55422
55423
55427
55432
55440
55448
55452
55459
55465
55470
55478
55481
55485
55490
55493
55498
55505
55507
55515